Rowid_,GAGE_ID,ZONE_CODE,COUNT,AREA,MIN,MAX,RANGE,MEAN,STD,SUM,VARIETY,MAJORITY,MINORITY,MEDIAN
,06914990,1,2045,20450000.000000000000000,0,900,900,77.753545232273837,250.827576724285900,159006.000000000000000,9,0,9,0
,03255500,2,20211,202110000.000000000000000,0,900,900,206.698827371233480,335.701653122336840,4177590.000000000000000,11,0,7,17
,03271000,3,18038,180380000.000000000000000,0,900,900,63.818272535757842,142.349734284776450,1151154.000000000000000,11,3,900,9
,03271300,4,5182,51820000.000000000000000,0,900,900,100.091470474720180,216.662529316896840,518674.000000000000000,11,80,463,17
,03337000,5,1104,11040000.000000000000000,0,900,900,450.740942028985500,297.762440432714580,497618.000000000000000,6,463,17,463
,03337100,6,119,1190000.000000000000000,0,900,900,621.789915966386500,368.290917023727160,73993.000000000000000,6,900,7,900
,03351072,7,4218,42180000.000000000000000,0,900,900,24.857752489331435,118.027060743223590,104850.000000000000000,11,3,463,3
,03351310,8,4622,46220000.000000000000000,0,900,900,129.327563825183920,233.261444212717350,597752.000000000000000,11,80,463,80
,03353120,9,2129,21290000.000000000000000,0,900,900,360.183654297792370,341.096121649603220,766831.000000000000000,11,900,7,187
,03353160,10,773,7730000.000000000000000,0,900,900,408.078913324708940,187.398041916701200,315445.000000000000000,6,463,17,463
,03353180,11,877,8770000.000000000000000,0,900,900,274.908779931584950,268.670048333641940,241095.000000000000000,11,187,6,187
,03353600,12,6370,63700000.000000000000000,0,900,900,213.285086342229190,328.655350076551660,1358626.000000000000000,11,80,7,80
,03353620,13,3885,38850000.000000000000000,0,900,900,203.107335907335910,307.410364347636520,789072.000000000000000,11,80,7,80
,03353637,14,4446,44460000.000000000000000,0,900,900,102.869095816464240,184.847369782630980,457356.000000000000000,11,80,0,80
,04087030,15,8788,87880000.000000000000000,0,900,900,59.038347746927627,170.390632641423740,518829.000000000000000,11,3,463,7
,04087070,16,5179,51790000.000000000000000,0,900,900,116.772929136899010,250.369613994263320,604767.000000000000000,11,3,463,9
,04087088,17,4689,46890000.000000000000000,0,900,900,218.535082107059080,280.528072123080450,1024711.000000000000000,11,80,3,80
,04087119,18,2769,27690000.000000000000000,0,900,900,355.761285662694090,228.155090037641230,985103.000000000000000,10,463,3,463
,04087120,19,11154,111540000.000000000000000,0,900,900,229.265285996055240,310.086255622547700,2557225.000000000000000,11,80,7,80
,04087142,20,3907,39070000.000000000000000,0,900,900,502.322498080368580,243.551290357206970,1962574.000000000000000,10,463,7,463
,04087159,21,4809,48090000.000000000000000,0,900,900,406.317945518818870,309.312307092763430,1953983.000000000000000,11,463,9,463
,04087170,22,185317,1853170000.000000000000000,0,900,900,49.924151588899022,158.605102053560300,9251794.000000000000000,11,3,187,3
,04087204,23,6621,66210000.000000000000000,0,900,900,169.482706539797620,298.830595329046050,1122145.000000000000000,11,80,463,17
,04087214,24,3842,38420000.000000000000000,0,900,900,153.253253513794900,227.235252812710850,588799.000000000000000,11,80,3,80
,04087220,25,8852,88520000.000000000000000,0,900,900,99.906461816538638,197.247786801068000,884372.000000000000000,11,80,463,17
,04087240,26,36282,362820000.000000000000000,0,900,900,32.417865608290612,133.212061091765290,1176185.000000000000000,11,3,463,6
,04087257,27,9825,98250000.000000000000000,0,900,900,82.696081424936381,230.317240335674170,812489.000000000000000,11,3,463,6
,04093000,28,32120,321200000.000000000000000,0,900,900,75.192528019925277,197.393931620397210,2415184.000000000000000,11,3,463,6
,04094500,29,19214,192140000.000000000000000,0,900,900,51.360206099718958,163.479362386773970,986835.000000000000000,11,3,463,6
,04101370,30,9191,91910000.000000000000000,0,900,900,77.855293221629850,205.275750050790630,715568.000000000000000,11,3,463,7
,04106180,31,3644,36440000.000000000000000,0,900,900,51.633095499451152,153.810244235554680,188151.000000000000000,11,80,463,9
,04106300,32,1416,14160000.000000000000000,0,900,900,167.682203389830510,271.576131743933220,237438.000000000000000,11,80,6,80
,04106500,33,8070,80700000.000000000000000,0,900,900,75.791573729863700,176.866092146162860,611638.000000000000000,11,3,900,9
,04160800,34,5474,54740000.000000000000000,0,900,900,63.893496529046402,188.847348287306690,349753.000000000000000,11,3,463,9
,04161100,35,4558,45580000.000000000000000,0,900,900,246.689556823168060,363.329265639987340,1124411.000000000000000,11,0,7,17
,04162900,36,6446,64460000.000000000000000,0,900,900,241.406763884579590,335.373631593776570,1556108.000000000000000,11,80,7,80
,04163400,37,4257,42570000.000000000000000,0,900,900,105.260512097721400,199.269055474838010,448094.000000000000000,11,80,463,80
,04165500,38,168627,1686270000.000000000000000,0,900,900,99.146435624188300,222.640790331598230,16718766.000000000000000,11,3,7,7
,04166000,39,8419,84190000.000000000000000,0,900,900,117.814348497446250,203.135905451168700,991879.000000000000000,11,80,7,80
,04166100,40,14006,140060000.000000000000000,0,900,900,113.252034842210480,175.438780881778030,1586208.000000000000000,11,80,7,80
,04166300,41,4573,45730000.000000000000000,0,900,900,131.034550623223250,270.622774946828200,599221.000000000000000,11,0,463,11
,04166500,42,20600,206000000.000000000000000,0,900,900,264.466796116504840,275.282275894714990,5448016.000000000000000,11,80,7,187
,04167000,43,22977,229770000.000000000000000,0,900,900,165.724550637594120,288.867261863920360,3807853.000000000000000,11,80,7,17
,04168000,44,21783,217830000.000000000000000,0,900,900,147.693017490703770,279.345366407056760,3217197.000000000000000,11,3,7,9
,04174518,45,2633,26330000.000000000000000,0,900,900,246.733004177744020,319.792817295666230,649648.000000000000000,11,80,7,80
,05288705,46,7284,72840000.000000000000000,0,900,900,271.381246567819860,400.212734869691870,1976741.000000000000000,11,0,463,3
,05289800,47,41389,413890000.000000000000000,0,900,900,82.710333663533788,230.462007950679630,3423298.000000000000000,11,0,7,0
,05345000,48,33430,334300000.000000000000000,0,900,900,79.652378103499856,251.586481039813490,2662779.000000000000000,11,0,463,0
,05422600,49,14838,148380000.000000000000000,0,900,900,92.987868985038418,256.795556947995860,1379754.000000000000000,11,0,9,3
,05427948,50,4708,47080000.000000000000000,0,900,900,70.146771452846224,224.965230760608340,330251.000000000000000,11,3,463,3
,054310157,51,1114,11140000.000000000000000,0,900,900,105.022441651705560,246.751294771147290,116995.000000000000000,11,3,11,3
,05435935,52,2770,27700000.000000000000000,0,900,900,39.267509025270755,129.266308910817200,108771.000000000000000,11,3,463,3
,05435943,53,2448,24480000.000000000000000,0,900,900,66.866421568627445,211.934531488369860,163689.000000000000000,10,3,187,3
,05454090,54,2257,22570000.000000000000000,0,900,900,55.031014621178556,196.950045090006200,124205.000000000000000,11,0,463,3
,05484800,55,20185,201850000.000000000000000,0,900,900,82.850037156304182,244.779158864556990,1672328.000000000000000,11,3,463,3
,05527905,56,1398,13980000.000000000000000,0,900,900,33.532904148783977,86.241335474925719,46879.000000000000000,11,0,463,3
,05527950,57,14216,142160000.000000000000000,0,900,900,39.430078784468208,144.096475846275470,560538.000000000000000,11,3,463,3
,05529000,58,78666,786660000.000000000000000,0,900,900,81.592530445173267,227.081789521231680,6418558.000000000000000,11,3,463,3
,05529500,59,2201,22010000.000000000000000,0,900,900,155.723307587460250,240.544608210185660,342747.000000000000000,11,80,3,80
,05530000,60,3305,33050000.000000000000000,0,900,900,262.101361573373650,222.837408107355060,866245.000000000000000,11,463,6,187
,05530990,61,7090,70900000.000000000000000,0,900,900,177.087870239774330,290.640743019763930,1255553.000000000000000,11,80,7,80
,05531000,62,504,5040000.000000000000000,0,900,900,328.452380952380960,376.432135310378500,165540.000000000000000,11,900,17,80
,05532000,63,4708,47080000.000000000000000,0,900,900,464.692438402718780,328.726726888550440,2187772.000000000000000,11,463,3,463
,05532500,64,51900,519000000.000000000000000,0,900,900,348.920154142581910,353.728904641912150,18108956.000000000000000,11,900,7,187
,05533000,65,4259,42590000.000000000000000,0,900,900,215.415120920403840,252.529257865306620,917453.000000000000000,11,80,7,80
,05533400,66,3343,33430000.000000000000000,0,900,900,156.820520490577340,300.744203225837570,524251.000000000000000,11,80,463,17
,05534500,67,5164,51640000.000000000000000,0,900,900,135.145623547637480,280.788173799952800,697892.000000000000000,11,0,463,11
,05535000,68,3007,30070000.000000000000000,0,900,900,181.669105420685070,315.200422279991640,546279.000000000000000,11,0,463,17
,05535070,69,2158,21580000.000000000000000,0,900,900,173.735866543095450,245.122147535062420,374922.000000000000000,11,80,6,80
,05535500,70,2992,29920000.000000000000000,0,900,900,231.056818181818190,335.692421499068300,691322.000000000000000,11,80,9,80
,05536000,71,12154,121540000.000000000000000,0,900,900,251.936399539246340,284.695195092357780,3062035.000000000000000,11,187,9,187
,05536105,72,3511,35110000.000000000000000,0,900,900,427.654229564226740,262.589838004571560,1501494.000000000000000,10,463,9,463
,05536118,73,16774,167740000.000000000000000,0,900,900,478.500119232144980,215.589164431847510,8026361.000000000000000,11,463,11,463
,05536215,74,6517,65170000.000000000000000,0,900,900,241.371336504526620,305.203007967943390,1573017.000000000000000,11,0,7,80
,05536235,75,5934,59340000.000000000000000,0,900,900,65.319851702055942,180.835607220494890,387608.000000000000000,11,3,463,3
,05536255,76,6032,60320000.000000000000000,0,900,900,126.458885941644570,256.933646765343270,762800.000000000000000,11,0,7,11
,05536270,77,4583,45830000.000000000000000,0,900,900,102.329914902902030,234.062172099078790,468978.000000000000000,11,0,7,3
,05536275,78,3778,37780000.000000000000000,0,900,900,121.405505558496560,256.094195240258270,458670.000000000000000,11,0,7,0
,05536290,79,29002,290020000.000000000000000,0,900,900,143.001758499413820,240.601306423848090,4147337.000000000000000,11,3,9,17
,05536340,80,3307,33070000.000000000000000,0,900,900,132.587541578469910,255.508193752970810,438467.000000000000000,11,0,7,17
,05536500,81,2908,29080000.000000000000000,0,900,900,64.416093535075660,196.584764528464970,187322.000000000000000,10,0,187,6
,05536995,82,85001,850010000.000000000000000,0,900,900,391.478923777367300,321.114993030317980,33276100.000000000000000,11,463,7,463
,05537500,83,5456,54560000.000000000000000,0,900,900,30.913489736070382,125.809979229572630,168664.000000000000000,10,3,187,6
,05537980,84,25380,253800000.000000000000000,0,900,900,177.525453112687160,313.325978521226430,4505596.000000000000000,11,0,7,11
,05539000,85,27804,278040000.000000000000000,0,900,900,92.679866206301256,242.037066229325320,2576871.000000000000000,11,0,463,3
,05539900,86,7177,71770000.000000000000000,0,900,900,108.119966559843950,255.646230876583360,775977.000000000000000,11,0,463,9
,05540060,87,4871,48710000.000000000000000,0,900,900,202.841305686717310,357.523247031277830,988040.000000000000000,11,0,6,0
,05540091,88,2061,20610000.000000000000000,0,900,900,98.067928190198927,189.527490923215080,202118.000000000000000,11,0,9,17
,05540095,89,9598,95980000.000000000000000,0,900,900,186.804855178162110,313.556037367938760,1792953.000000000000000,11,0,7,17
,05540130,90,8255,82550000.000000000000000,0,900,900,166.003391883706850,307.303413576490300,1370358.000000000000000,11,0,7,11
,05540160,91,6563,65630000.000000000000000,0,900,900,227.799329574889530,293.301837893481950,1495047.000000000000000,11,80,7,80
,05540195,92,2618,26180000.000000000000000,0,900,900,264.151642475171910,262.492402886126460,691549.000000000000000,11,187,6,187
,05540250,93,9464,94640000.000000000000000,0,900,900,134.100274725274720,265.206424458173730,1269125.000000000000000,11,0,463,17
,05540275,94,2468,24680000.000000000000000,0,900,900,128.110615883306310,307.354247125428290,316177.000000000000000,10,0,187,3
,05540500,95,29725,297250000.000000000000000,0,900,900,91.434550042052152,255.625515620149940,2717892.000000000000000,11,0,463,3
,05550500,96,9247,92470000.000000000000000,0,900,900,82.158105331458856,231.377129608275250,759716.000000000000000,11,0,463,3
,05551200,97,13395,133950000.000000000000000,0,900,900,27.804628592758490,133.317068729810500,372443.000000000000000,11,3,463,3
,05551330,98,7256,72560000.000000000000000,0,900,900,62.082965821389195,211.676122598947700,450474.000000000000000,11,3,463,3
,05551675,99,14745,147450000.000000000000000,0,900,900,32.388131570023738,142.260004805681860,477563.000000000000000,11,3,463,3
,05551700,100,3492,34920000.000000000000000,0,900,900,12.426116838487973,72.845727275430932,43392.000000000000000,11,3,463,3
,05579725,101,6463,64630000.000000000000000,0,900,900,61.998916911650937,216.106724810191650,400699.000000000000000,11,0,463,0
,05580950,102,8829,88290000.000000000000000,0,900,900,220.852531430513070,326.009633475113280,1949907.000000000000000,11,0,7,17
,06892513,103,15073,150730000.000000000000000,0,900,900,121.284150467723750,302.563393431226760,1828116.000000000000000,11,0,463,0
,06893300,104,6881,68810000.000000000000000,0,900,900,240.000726638569970,393.836803936500360,1651445.000000000000000,11,0,463,0
,06893390,105,9874,98740000.000000000000000,0,900,900,144.937107555195470,322.865608777323470,1431109.000000000000000,11,0,463,0
,06893400,106,89,890000.000000000000000,0,900,900,393.696629213483160,437.684109691314060,35039.000000000000000,6,900,7,80
,06893500,107,30884,308840000.000000000000000,0,900,900,39.583214609506541,172.512301427588650,1222488.000000000000000,11,0,463,0
,06893557,108,3396,33960000.000000000000000,0,900,900,152.718786808009410,269.658777775744110,518633.000000000000000,11,80,7,80
,06893560,109,674,6740000.000000000000000,0,900,900,518.606824925816000,417.011401064897540,349541.000000000000000,9,900,6,900
,06893562,110,620,6200000.000000000000000,0,900,900,243.140322580645150,299.151970204635800,150747.000000000000000,10,0,6,80
,06893578,111,13609,136090000.000000000000000,0,900,900,207.466162098611220,336.511589065084250,2823407.000000000000000,11,0,7,9
,06893620,112,2438,24380000.000000000000000,0,900,900,161.474569319114040,289.764295547745630,393675.000000000000000,11,0,9,17
,06893970,113,2173,21730000.000000000000000,0,900,900,127.633686148182240,259.116382686286610,277348.000000000000000,11,3,9,6
,07164600,114,3020,30200000.000000000000000,0,900,900,244.052649006622520,253.256260180863710,737039.000000000000000,11,187,6,187
,07165562,115,4652,46520000.000000000000000,0,900,900,132.478933791917460,288.291910934856280,616292.000000000000000,11,3,463,3
,07165565,116,1424,14240000.000000000000000,0,900,900,76.204353932584269,235.524282982247290,108515.000000000000000,9,0,7,3
,07177800,117,2165,21650000.000000000000000,0,900,900,408.912702078521930,259.144446421632840,885296.000000000000000,10,463,7,463
,04168580,118,2750,27500000.000000000000000,0,900,900,275.899636363636380,334.988072677567740,758724.000000000000000,11,80,7,80
,01451500,119,21227,212270000.000000000000000,0,900,900,63.257926226032886,177.062907017799320,1342776.000000000000000,11,3,463,9
,01451650,120,4174,41740000.000000000000000,0,900,900,168.041447053186400,261.867635114525630,701405.000000000000000,11,80,7,80
,01537500,121,4456,44560000.000000000000000,0,900,900,113.168985637342910,257.164496948029350,504281.000000000000000,11,0,11,3
,01569800,122,5970,59700000.000000000000000,0,900,900,105.473534338358460,240.362294358225000,629677.000000000000000,11,3,9,6
,01616000,123,4471,44710000.000000000000000,0,900,900,127.329680161037800,245.067536668649320,569291.000000000000000,11,3,7,11
,02423397,124,4391,43910000.000000000000000,0,900,900,64.038487815987253,183.893914106852380,281193.000000000000000,11,3,463,7
,02423630,125,18633,186330000.000000000000000,0,900,900,111.839478344872010,237.061646114204880,2083905.000000000000000,11,3,7,9
,02457000,126,5722,57220000.000000000000000,0,900,900,95.168996854246771,187.069564458997580,544557.000000000000000,11,80,463,17
,02457595,127,7850,78500000.000000000000000,0,900,900,107.843439490445860,235.614577476394910,846571.000000000000000,11,0,7,11
,02458300,128,6552,65520000.000000000000000,0,900,900,342.561660561660570,325.430222684616010,2244464.000000000000000,11,463,9,187
,02458450,129,1915,19150000.000000000000000,0,900,900,427.556135770234960,367.685224607227380,818770.000000000000000,11,900,3,463
,02458600,130,4925,49250000.000000000000000,0,900,900,135.961827411167520,236.058051375070870,669612.000000000000000,11,80,7,80
,02461500,131,13656,136560000.000000000000000,0,900,900,302.117311072056220,314.708274040476970,4125714.000000000000000,11,187,7,187
,02462000,132,24767,247670000.000000000000000,0,900,900,33.500827714297252,125.876061607507760,829715.000000000000000,11,3,463,3
,03049658,133,4492,44920000.000000000000000,0,900,900,77.393588601959038,131.323470837211370,347652.000000000000000,11,80,463,80
,03049676,134,2210,22100000.000000000000000,0,900,900,80.659276018099547,159.519372055604320,178257.000000000000000,10,80,6,80
,03049807,135,15395,153950000.000000000000000,0,900,900,78.566937317310817,145.455835840297740,1209538.000000000000000,11,80,463,80
,03084000,136,1135,11350000.000000000000000,0,900,900,77.325991189427313,161.648177772969380,87765.000000000000000,10,80,187,80
,03084698,137,30305,303050000.000000000000000,0,900,900,91.647945883517565,188.180896633006000,2777391.000000000000000,11,80,463,17
,03084800,138,4003,40030000.000000000000000,0,900,900,220.397951536347730,234.336232075948910,882253.000000000000000,11,80,7,80
,03085049,139,1587,15870000.000000000000000,0,900,900,375.660365469439170,237.093958197705060,596173.000000000000000,5,463,80,463
,03085213,140,4667,46670000.000000000000000,0,900,900,353.866080994214710,200.318973891028430,1651493.000000000000000,8,463,9,463
,03085956,141,6713,67130000.000000000000000,0,900,900,162.325338894681950,319.722819926859930,1089690.000000000000000,11,0,463,9
,03491544,142,1247,12470000.000000000000000,0,900,900,108.723336006415390,216.643609481581220,135578.000000000000000,11,80,7,17
,03535400,143,22498,224980000.000000000000000,0,900,900,45.334963107831804,148.274612562783600,1019946.000000000000000,11,17,463,9
,03538250,144,5045,50450000.000000000000000,0,900,900,145.152824578790870,276.721251756862730,732296.000000000000000,11,0,7,3
,06918493,145,3978,39780000.000000000000000,0,900,900,128.295625942684780,309.702680343809110,510360.000000000000000,10,0,187,3
,07019072,146,1007,10070000.000000000000000,0,900,900,140.714001986097320,324.027199859564580,141699.000000000000000,10,0,187,0
,07019150,147,1320,13200000.000000000000000,0,900,900,116.202272727272730,291.676638348824720,153387.000000000000000,10,3,187,3
,07019175,148,1322,13220000.000000000000000,0,900,900,105.555219364599100,263.695869708268220,139544.000000000000000,11,3,463,6
,07019185,149,3003,30030000.000000000000000,0,900,900,121.410922410922410,299.077946399528230,364597.000000000000000,11,3,463,3
,07019195,150,653,6530000.000000000000000,0,900,900,242.549770290964770,396.372324141427040,158385.000000000000000,9,0,17,3
,07019220,151,1115,11150000.000000000000000,0,900,900,191.571300448430490,361.771378246040570,213602.000000000000000,11,3,187,3
,07048480,152,223,2230000.000000000000000,0,900,900,330.587443946188330,371.063530542746490,73721.000000000000000,10,900,3,80
,07048490,153,343,3430000.000000000000000,0,900,900,297.253644314868780,296.469718968303140,101958.000000000000000,9,187,7,187
,07052000,154,5031,50310000.000000000000000,0,900,900,378.010137149672060,414.370496613988560,1901769.000000000000000,11,900,7,80
,07052100,155,4112,41120000.000000000000000,0,900,900,177.347519455252920,339.088700760061440,729253.000000000000000,11,0,463,3
,07052120,156,2733,27330000.000000000000000,0,900,900,286.549945115257970,410.045933917908140,783141.000000000000000,11,900,463,7
,07052152,157,1205,12050000.000000000000000,0,900,900,83.782572614107877,258.795741295879400,100958.000000000000000,9,0,7,0
,07195000,158,33596,335960000.000000000000000,0,900,900,42.773931420407195,163.717899090088050,1437033.000000000000000,11,3,463,3
,07263580,159,4987,49870000.000000000000000,0,900,900,101.169841588129130,236.198577526838220,504534.000000000000000,11,0,463,9
,010965852,160,12334,123340000.000000000000000,0,900,900,48.551240473487923,162.252156261325870,598831.000000000000000,11,3,463,7
,01097300,161,3090,30900000.000000000000000,0,900,900,61.296440129449842,198.469995988601940,189406.000000000000000,11,3,463,7
,01097380,162,9144,91440000.000000000000000,0,900,900,58.301071741032374,147.503742019016360,533105.000000000000000,11,0,463,11
,01100600,163,9655,96550000.000000000000000,0,900,900,190.092387364060070,290.418759708678640,1835342.000000000000000,11,80,7,80
,01100627,164,9735,97350000.000000000000000,0,900,900,140.589316897791460,243.516436324197060,1368637.000000000000000,11,80,7,80
,01102500,165,5953,59530000.000000000000000,0,900,900,304.547791029732930,307.595985915880530,1812973.000000000000000,10,187,6,187
,01103025,166,2161,21610000.000000000000000,0,900,900,396.882924571957400,255.292505725945460,857664.000000000000000,6,463,17,463
,01103280,167,16950,169500000.000000000000000,0,900,900,93.666548672566378,212.221415145127220,1587648.000000000000000,11,80,463,11
,01103500,168,30423,304230000.000000000000000,0,900,900,68.649574335206921,150.004626155747870,2088526.000000000000000,11,0,900,17
,01104200,169,7515,75150000.000000000000000,0,900,900,221.313905522288760,274.243142479786850,1663174.000000000000000,11,0,3,80
,01105600,170,1269,12690000.000000000000000,0,900,900,201.594168636721830,278.946116961195290,255823.000000000000000,11,187,3,80
,01105638,171,3812,38120000.000000000000000,0,900,900,93.722717733473246,192.956593801454910,357271.000000000000000,11,0,6,17
,01105730,172,7942,79420000.000000000000000,0,900,900,101.585243011835810,177.995477615822690,806790.000000000000000,11,80,6,80
,01105933,173,6829,68290000.000000000000000,0,900,900,94.502123297700976,232.173902341064690,645355.000000000000000,11,0,463,6
,01106500,174,10473,104730000.000000000000000,0,900,900,187.685763391578350,251.276615013575030,1965633.000000000000000,11,80,3,80
,01108320,175,5807,58070000.000000000000000,0,900,900,35.118133287411744,112.116236333346560,203931.000000000000000,11,0,463,9
,01108410,176,6667,66670000.000000000000000,0,900,900,58.496775161241935,161.046570911024960,389998.000000000000000,11,0,900,7
,01108500,177,5182,51820000.000000000000000,0,900,900,65.518139714395986,179.509127300074970,339515.000000000000000,11,0,463,9
,01109000,178,6110,61100000.000000000000000,0,900,900,78.802945990180035,202.792081385903400,481486.000000000000000,11,80,463,17
,01109060,179,10504,105040000.000000000000000,0,900,900,94.774086062452398,208.806669298170390,995507.000000000000000,11,80,463,17
,01110000,180,6612,66120000.000000000000000,0,900,900,167.372202056866310,246.311925987469580,1106665.000000000000000,11,80,9,80
,01114000,181,6040,60400000.000000000000000,0,900,900,237.482284768211910,300.574118996752420,1434393.000000000000000,11,463,3,80
,01116905,182,4084,40840000.000000000000000,0,900,900,70.241185112634668,217.424632845134060,286865.000000000000000,11,9,463,9
,01117000,183,1890,18900000.000000000000000,0,900,900,138.513756613756610,254.141095400964500,261791.000000000000000,11,80,3,80
,01189000,184,11648,116480000.000000000000000,0,900,900,88.041981456043956,165.095294469894900,1025513.000000000000000,11,3,900,11
,01195490,185,4776,47760000.000000000000000,0,900,900,132.476130653266320,218.431077293059930,632706.000000000000000,11,80,6,80
,01196500,186,23813,238130000.000000000000000,0,900,900,112.050644605887540,210.734821594948220,2668262.000000000000000,11,80,7,17
,01201487,187,15546,155460000.000000000000000,0,900,900,117.333397658561690,215.325652355811200,1824065.000000000000000,11,80,6,17
,01300000,188,2427,24270000.000000000000000,0,900,900,149.290070045323430,254.126912700786510,362327.000000000000000,11,80,9,80
,01300500,189,1170,11700000.000000000000000,0,900,900,196.205128205128200,205.315214754286900,229560.000000000000000,10,80,7,80
,01301000,190,5781,57810000.000000000000000,0,900,900,200.181110534509600,252.730249536610240,1157247.000000000000000,11,80,9,80
,01356190,191,4078,40780000.000000000000000,0,900,900,128.864884747425210,186.211521892724650,525511.000000000000000,10,80,7,80
,01376500,192,6246,62460000.000000000000000,0,900,900,225.975024015369830,277.551019995545690,1411440.000000000000000,11,80,7,80
,01377370,193,3542,35420000.000000000000000,0,900,900,152.696216826651610,189.463952380496490,540850.000000000000000,11,80,3,80
,01391000,194,4243,42430000.000000000000000,0,900,900,134.002592505302860,167.001953167877760,568573.000000000000000,11,80,6,80
,01391500,195,10430,104300000.000000000000000,0,900,900,186.063279002876330,216.222504497531110,1940640.000000000000000,11,80,6,80
,03098500,196,17451,174510000.000000000000000,0,900,900,73.949630393673715,167.973250311437600,1290495.000000000000000,11,80,900,11
,03098700,197,3267,32670000.000000000000000,0,900,900,82.141414141414145,144.303470091544140,268356.000000000000000,11,80,900,17
,03115973,198,903,9030000.000000000000000,0,900,900,142.110741971207090,272.093579038415610,128326.000000000000000,11,0,9,17
,03118500,199,45392,453920000.000000000000000,0,900,900,121.689747091998580,238.235223683619610,5523741.000000000000000,11,80,7,11
,03130500,200,1215,12150000.000000000000000,0,900,900,189.017283950617300,285.863023166729760,229656.000000000000000,11,80,3,80
,04206043,201,6700,67000000.000000000000000,0,900,900,107.609253731343290,224.685078789817200,720982.000000000000000,11,80,187,17
,04207200,202,22240,222400000.000000000000000,0,900,900,106.786061151079140,240.260826315534840,2374922.000000000000000,11,80,463,11
,04208460,203,4681,46810000.000000000000000,0,900,900,353.713950010681460,267.826032320939310,1655735.000000000000000,11,463,7,463
,04216200,204,3958,39580000.000000000000000,0,900,900,306.896664982314290,292.337004825065550,1214697.000000000000000,11,463,7,187
,04240100,205,2598,25980000.000000000000000,0,900,900,99.937259430331025,154.484265504319950,259637.000000000000000,11,80,900,17
,04240120,206,7583,75830000.000000000000000,0,900,900,311.112092839245690,348.848679784598060,2359163.000000000000000,11,900,9,80
,04282813,207,1778,17780000.000000000000000,0,900,900,149.119797525309340,281.250547289183430,265135.000000000000000,11,80,7,17
,04292770,208,339,3390000.000000000000000,0,900,900,127.312684365781710,235.538614884361860,43159.000000000000000,11,3,7,3
,01302500,209,3051,30510000.000000000000000,0,900,900,156.991478203867590,208.064730506569300,478981.000000000000000,11,80,9,80
,01303500,210,1908,19080000.000000000000000,0,900,900,78.447064989517813,126.900086264357750,149677.000000000000000,11,80,3,80
,01304000,211,5792,57920000.000000000000000,0,900,900,154.590987569060790,232.213933964651720,895391.000000000000000,11,80,3,80
,01305000,212,19014,190140000.000000000000000,0,900,900,66.580992952561274,142.875693906520180,1265971.000000000000000,11,80,463,17
,01305500,213,2132,21320000.000000000000000,0,900,900,105.806285178236390,216.505634939362580,225579.000000000000000,11,80,463,17
,01306000,214,3627,36270000.000000000000000,0,900,900,152.928315412186380,251.007762796863550,554671.000000000000000,11,80,6,80
,01306440,215,4136,41360000.000000000000000,0,900,900,136.973646034816260,196.944166875784760,566523.000000000000000,11,80,7,80
,01306460,216,1391,13910000.000000000000000,0,900,900,195.485262401150270,286.218182360318110,271920.000000000000000,11,80,3,80
,01306500,217,1654,16540000.000000000000000,0,900,900,149.396614268440150,304.608541997666750,247102.000000000000000,11,0,6,0
,01307000,218,1403,14030000.000000000000000,0,900,900,251.495367070563080,297.568495944990160,352848.000000000000000,11,80,6,187
,01307500,219,1118,11180000.000000000000000,0,900,900,285.008050089445420,275.924011031370240,318639.000000000000000,6,187,17,187
,01308000,220,5830,58300000.000000000000000,0,900,900,194.066895368782160,268.329173664076900,1131410.000000000000000,11,80,7,80
,01308500,221,9401,94010000.000000000000000,0,900,900,157.152749707477940,219.612132256710510,1477393.000000000000000,11,80,7,80
,01309000,222,993,9930000.000000000000000,0,900,900,281.585095669687800,328.822307376208020,279614.000000000000000,9,0,9,187
,01309500,223,9426,94260000.000000000000000,0,900,900,296.796944621260370,306.614393859024010,2797608.000000000000000,11,463,7,187
,01309950,224,3785,37850000.000000000000000,0,900,900,440.145046235138690,198.631385511793520,1665949.000000000000000,7,463,11,463
,01310000,225,210,2100000.000000000000000,0,900,900,438.557142857142880,247.736398062880620,92097.000000000000000,5,463,80,463
,01310500,226,7790,77900000.000000000000000,0,900,900,289.727599486521170,296.211554860936420,2256978.000000000000000,11,463,7,187
,01311000,227,2634,26340000.000000000000000,0,900,900,350.339028094153380,272.422038368001780,922793.000000000000000,11,463,7,463
,01311500,228,1812,18120000.000000000000000,0,900,900,434.913907284768190,156.950609083868020,788064.000000000000000,5,463,80,463
,01311810,229,3359,33590000.000000000000000,0,900,900,455.555224769276550,198.834295228856600,1530210.000000000000000,10,463,11,463
,01405500,230,24584,245840000.000000000000000,0,900,900,44.350837943377805,142.610773425388170,1090321.000000000000000,11,3,463,6
,01406050,231,4053,40530000.000000000000000,0,900,900,41.612632617813965,139.567471709707180,168656.000000000000000,11,3,463,6
,01407290,232,1695,16950000.000000000000000,0,900,900,36.886725663716817,150.474867316766510,62523.000000000000000,10,0,187,3
,01407760,233,1635,16350000.000000000000000,0,900,900,77.066055045871565,152.123434643113970,126003.000000000000000,11,80,463,17
,01408120,234,9158,91580000.000000000000000,0,900,900,45.395828783577201,126.880982849140440,415735.000000000000000,11,80,463,11
,01467081,235,2326,23260000.000000000000000,0,900,900,224.939380911435930,328.897810506711270,523209.000000000000000,11,80,7,80
,01467150,236,4699,46990000.000000000000000,0,900,900,155.400723558203880,245.496059140963270,730228.000000000000000,11,80,7,80
,01475000,237,1563,15630000.000000000000000,0,900,900,47.695457453614843,105.856857918421100,74548.000000000000000,11,80,900,9
,02233200,238,6861,68610000.000000000000000,0,900,900,47.118495846086574,145.718752786651630,323280.000000000000000,11,0,463,3
,02233475,239,12039,120390000.000000000000000,0,900,900,65.709278179250774,190.980109302384880,791074.000000000000000,11,0,463,6
,02234308,240,5918,59180000.000000000000000,0,900,900,215.801960121662720,272.036095693443310,1277116.000000000000000,11,80,7,80
,02234324,241,2608,26080000.000000000000000,0,900,900,89.129217791411037,194.575100880140840,232449.000000000000000,11,3,9,11
,02234344,242,6229,62290000.000000000000000,0,900,900,58.844276769947022,194.093358905393390,366541.000000000000000,11,3,463,3
,02234384,243,4642,46420000.000000000000000,0,900,900,87.576044808272300,243.073021289130650,406528.000000000000000,11,0,463,6
,02234400,244,4270,42700000.000000000000000,0,900,900,80.059718969555036,209.040881993574890,341855.000000000000000,11,3,463,6
,02234990,245,10778,107780000.000000000000000,0,900,900,164.921506773056220,282.704648554984540,1777524.000000000000000,11,80,7,80
,02235000,246,33857,338570000.000000000000000,0,900,900,31.589656496440913,134.901903900506450,1069531.000000000000000,11,0,463,3
,02240954,247,9468,94680000.000000000000000,0,900,900,56.352978453738913,155.295228449196910,533550.000000000000000,11,3,463,6
,02246459,248,5610,56100000.000000000000000,0,900,900,165.111586452762940,287.918749106042010,926276.000000000000000,11,80,7,80
,02246828,249,6382,63820000.000000000000000,0,900,900,106.175963647759320,261.770600503812370,677615.000000000000000,11,0,463,0
,02262900,250,21007,210070000.000000000000000,0,900,900,168.779502070738320,307.066609908381390,3545551.000000000000000,11,0,6,3
,02263800,251,27085,270850000.000000000000000,0,900,900,131.151596824810780,296.613261625726520,3552241.000000000000000,11,0,463,3
,02264000,252,6923,69230000.000000000000000,0,900,900,16.724252491694351,95.260977578435984,115782.000000000000000,11,0,463,3
,02264100,253,4216,42160000.000000000000000,0,900,900,115.849146110056920,300.562676806392910,488420.000000000000000,9,0,11,0
,02293055,254,19079,190790000.000000000000000,0,900,900,16.283557838461135,103.863423656912080,310674.000000000000000,11,0,463,0
,02293190,255,1290,12900000.000000000000000,0,900,900,132.306976744186040,247.374505710180360,170676.000000000000000,11,80,463,80
,02299861,256,1403,14030000.000000000000000,0,900,900,154.000000000000000,282.484683794997640,216062.000000000000000,11,80,463,17
,02301738,257,761,7610000.000000000000000,0,900,900,105.195795006570310,280.251712057385930,80054.000000000000000,9,3,17,3
,02301750,258,3593,35930000.000000000000000,0,900,900,167.873643195101580,325.937498014186760,603170.000000000000000,11,0,463,11
,02303205,259,5731,57310000.000000000000000,0,900,900,92.493456639329963,223.101646185224980,530080.000000000000000,11,80,463,11
,02303300,260,9427,94270000.000000000000000,0,900,900,30.932109897104063,125.094434912822110,291597.000000000000000,11,3,463,6
,02303350,261,4222,42220000.000000000000000,0,900,900,38.816200852676459,180.255460710697950,163882.000000000000000,9,0,7,0
,02306500,262,1362,13620000.000000000000000,0,900,900,124.659324522760640,271.930515989144340,169786.000000000000000,10,0,7,17
,02306647,263,2835,28350000.000000000000000,0,900,900,200.168606701940040,342.574735679566230,567478.000000000000000,11,0,463,11
,02306950,264,4197,41970000.000000000000000,0,900,900,28.482487491065047,130.578347287285370,119541.000000000000000,10,0,187,3
,02307000,265,6514,65140000.000000000000000,0,900,900,40.501535155050661,163.074653827651450,263827.000000000000000,11,3,463,3
,02307668,266,767,7670000.000000000000000,0,900,900,285.404172099087360,364.530457763259680,218905.000000000000000,11,80,6,80
,02307671,267,442,4420000.000000000000000,0,900,900,214.556561085972850,295.639559367969240,94834.000000000000000,11,80,6,80
,02307697,268,955,9550000.000000000000000,0,900,900,109.041884816753920,214.926322027136510,104135.000000000000000,11,80,7,80
,02308935,269,675,6750000.000000000000000,0,900,900,410.164444444444430,276.684140670847680,276861.000000000000000,6,463,17,463
,02309415,270,116,1160000.000000000000000,0,900,900,237.603448275862060,374.801346906973950,27562.000000000000000,7,3,9,17
,02309421,271,686,6860000.000000000000000,0,900,900,165.706997084548110,307.451833451569710,113675.000000000000000,11,80,187,80
,02309848,272,2355,23550000.000000000000000,0,900,900,55.709978768577493,211.496958479482000,131197.000000000000000,9,3,80,3
,02310525,273,8484,84840000.000000000000000,0,900,900,32.677510608203676,161.590318057102000,277236.000000000000000,9,0,80,0
,08068325,274,10547,105470000.000000000000000,0,900,900,37.530008533232198,164.310883657531600,395829.000000000000000,11,3,463,3
,08069000,275,72679,726790000.000000000000000,0,900,900,24.776524167916456,137.258663988593500,1800733.000000000000000,11,3,463,3
,08072760,276,4910,49100000.000000000000000,0,900,900,25.570672097759672,146.085184936736230,125552.000000000000000,9,0,9,0
,08074020,277,10435,104350000.000000000000000,0,900,900,148.914422616195510,322.584199915928540,1553922.000000000000000,10,0,187,3
,08074150,278,2259,22590000.000000000000000,0,900,900,396.533864541832660,438.766978402651150,895770.000000000000000,11,900,463,17
,08074500,279,11952,119520000.000000000000000,0,900,900,265.092453145916980,334.727471470799800,3168385.000000000000000,11,80,7,80
,08074760,280,4223,42230000.000000000000000,0,900,900,106.353540137343120,284.160203671863090,449131.000000000000000,9,0,7,0
,08075000,281,22203,222030000.000000000000000,0,900,900,224.686393730576950,313.981655509324980,4988712.000000000000000,11,0,7,80
,08075400,282,5040,50400000.000000000000000,0,900,900,89.250595238095244,231.887655175219630,449823.000000000000000,11,0,463,6
,08075500,283,11172,111720000.000000000000000,0,900,900,168.034640171858230,271.685590552862720,1877283.000000000000000,11,80,6,80
,08075605,284,1294,12940000.000000000000000,0,900,900,262.874806800618220,278.833474368971910,340160.000000000000000,11,80,3,187
,08075730,285,2389,23890000.000000000000000,0,900,900,211.514022603599840,285.935741990418250,505307.000000000000000,11,80,7,80
,08075763,286,2344,23440000.000000000000000,0,900,900,388.047354948805430,284.969113756300770,909583.000000000000000,7,187,11,463
,08075770,287,2436,24360000.000000000000000,0,900,900,415.919540229885060,361.953111745955370,1013180.000000000000000,9,900,7,187
,08075900,288,8324,83240000.000000000000000,0,900,900,106.276910139356080,277.487960248563410,884649.000000000000000,10,0,187,3
,08076000,289,7102,71020000.000000000000000,0,900,900,251.593353984793030,387.467928489261570,1786816.000000000000000,11,900,463,11
,08076500,290,7479,74790000.000000000000000,0,900,900,153.388287204171690,266.401949539173530,1147191.000000000000000,11,80,7,80
,08076997,291,8479,84790000.000000000000000,0,900,900,45.264064158509257,184.873781546322310,383794.000000000000000,11,0,463,0
,08077000,292,361,3610000.000000000000000,0,900,900,186.825484764542950,350.623923526930350,67444.000000000000000,8,3,9,3
,08116400,293,2475,24750000.000000000000000,0,900,900,81.444444444444443,197.232200857249440,201575.000000000000000,11,3,9,6
,02300042,294,16747,167470000.000000000000000,0,900,900,41.101451006150356,182.689416387210880,688326.000000000000000,9,0,9,0
,01393450,295,4575,45750000.000000000000000,0,900,900,426.514972677595610,236.568031192670500,1951306.000000000000000,6,463,17,463
,01393500,296,388,3880000.000000000000000,3,900,897,459.100515463917530,115.623200235610160,178131.000000000000000,6,463,3,463
,01394500,297,6649,66490000.000000000000000,0,900,900,261.917280794104390,229.165144894018280,1741488.000000000000000,11,463,7,187
,01395000,298,4362,43620000.000000000000000,0,900,900,306.407381934892270,243.643649876702310,1336549.000000000000000,11,463,6,187
,01396000,299,5262,52620000.000000000000000,0,900,900,178.936716077537060,197.241447235356390,941565.000000000000000,11,80,6,80
,01402600,300,160,1600000.000000000000000,0,80,80,49.931249999999999,34.710611107232040,7989.000000000000000,8,80,0,80
,01403400,301,1631,16310000.000000000000000,0,900,900,79.287553648068666,161.698654972228350,129318.000000000000000,11,0,7,17
,01403500,302,1513,15130000.000000000000000,0,900,900,320.249834765366810,234.507642681808790,484538.000000000000000,11,463,9,463
,01403900,303,9293,92930000.000000000000000,0,900,900,248.905843107715500,270.134696368190930,2313082.000000000000000,11,80,7,80
,01405000,304,8443,84430000.000000000000000,0,900,900,93.276205140352957,235.704254406610940,787531.000000000000000,11,0,463,7
,01465798,305,5471,54710000.000000000000000,0,900,900,248.816121367208920,298.135186576606090,1361273.000000000000000,11,80,7,80
,01467042,306,9828,98280000.000000000000000,0,900,900,193.401098901098890,243.396257538135960,1900746.000000000000000,11,80,7,80
,01467048,307,3126,31260000.000000000000000,0,900,900,287.800063979526560,241.943544728038830,899663.000000000000000,11,463,3,187
,01467086,308,4184,41840000.000000000000000,0,900,900,287.141491395793480,202.284982650236150,1201400.000000000000000,11,463,7,187
,01467087,309,3521,35210000.000000000000000,0,900,900,449.970746946890070,243.976484209409360,1584347.000000000000000,6,463,17,463
,01473120,310,13806,138060000.000000000000000,0,900,900,59.555265826452271,146.605099314526060,822220.000000000000000,11,80,463,11
,01473169,311,5420,54200000.000000000000000,0,900,900,125.604981549815490,263.856166532545900,680779.000000000000000,11,0,463,11
,01473900,312,10471,104710000.000000000000000,0,900,900,134.755897239996190,217.604993845970260,1411029.000000000000000,11,80,7,80
,01474000,313,6028,60280000.000000000000000,0,900,900,186.627073656270740,203.362710725768180,1124988.000000000000000,11,463,6,80
,01475510,314,9808,98080000.000000000000000,0,900,900,192.358482871125600,198.441964956441010,1886652.000000000000000,11,80,6,80
,01475530,315,1477,14770000.000000000000000,0,900,900,329.245768449559930,192.845769243192140,486296.000000000000000,11,463,6,463
,01475548,316,3604,36040000.000000000000000,0,900,900,363.790233074361820,218.176587069856480,1311100.000000000000000,11,463,3,463
,01475550,317,537,5370000.000000000000000,0,900,900,375.901303538175060,248.011532474573560,201859.000000000000000,5,463,187,463
,01477000,318,15732,157320000.000000000000000,0,900,900,69.904017289600816,165.621381378199150,1099730.000000000000000,11,80,463,17
,01477800,319,1897,18970000.000000000000000,0,900,900,185.671059567738520,199.570744860302820,352218.000000000000000,11,80,6,80
,01478000,320,5402,54020000.000000000000000,0,900,900,89.050166604961120,216.205168358753720,481049.000000000000000,11,80,463,9
,01581500,321,2173,21730000.000000000000000,0,900,900,63.006442705936493,136.261523930009450,136913.000000000000000,11,80,463,17
,01581752,322,656,6560000.000000000000000,0,900,900,176.687500000000000,282.304532358393890,115907.000000000000000,11,80,7,80
,01583600,323,5380,53800000.000000000000000,0,900,900,123.570074349442380,282.222617244580700,664807.000000000000000,11,0,463,9
,0158397967,324,579,5790000.000000000000000,0,900,900,186.911917098445600,244.937877668409410,108222.000000000000000,9,80,7,80
,01585090,325,699,6990000.000000000000000,0,900,900,229.359084406294700,238.237210234296410,160322.000000000000000,11,80,7,80
,01585095,326,343,3430000.000000000000000,0,900,900,117.221574344023320,121.686414845172000,40207.000000000000000,10,80,900,80
,01585100,327,948,9480000.000000000000000,0,900,900,138.599156118143470,275.451910387270170,131392.000000000000000,11,80,463,17
,01585104,328,602,6020000.000000000000000,0,900,900,45.598006644518271,112.556111644156320,27450.000000000000000,11,80,187,11
,01585200,329,608,6080000.000000000000000,0,900,900,328.518092105263180,219.649862673928680,199739.000000000000000,5,463,0,463
,01585230,330,918,9180000.000000000000000,0,900,900,400.833333333333310,149.073432724367680,367965.000000000000000,6,463,17,463
,01585300,331,1162,11620000.000000000000000,0,900,900,202.341652323580040,240.240078866952590,235121.000000000000000,11,80,9,80
,01585400,332,505,5050000.000000000000000,0,900,900,351.924752475247540,334.326197326799620,177722.000000000000000,9,900,9,187
,01589100,333,650,6500000.000000000000000,0,900,900,332.709230769230770,274.333458080645360,216261.000000000000000,10,463,3,187
,01589197,334,1069,10690000.000000000000000,0,900,900,87.922357343311504,123.177910058345700,93989.000000000000000,11,80,900,80
,01589290,335,874,8740000.000000000000000,0,900,900,117.548054919908470,111.726386534970980,102737.000000000000000,11,80,900,80
,01589300,336,6531,65310000.000000000000000,0,900,900,111.072270708926650,207.158243939720760,725413.000000000000000,11,80,7,17
,01589305,337,922,9220000.000000000000000,0,900,900,387.890455531453370,269.501592556454000,357635.000000000000000,6,463,17,463
,01589312,338,203,2030000.000000000000000,0,900,900,174.975369458128090,205.166649514825760,35520.000000000000000,7,80,11,80
,01589317,339,125,1250000.000000000000000,0,900,900,367.887999999999980,422.230310915737110,45986.000000000000000,9,900,7,80
,01589330,340,1103,11030000.000000000000000,0,900,900,247.907524932003640,316.664730809226110,273442.000000000000000,10,80,7,80
,01589352,341,5114,51140000.000000000000000,0,900,900,331.996675791943690,252.620185154501880,1697831.000000000000000,11,463,3,463
,01589500,342,1256,12560000.000000000000000,0,900,900,150.169585987261140,299.208404776671610,188613.000000000000000,11,0,7,11
,01593500,343,9812,98120000.000000000000000,0,900,900,50.615063187933146,163.794199710215110,496635.000000000000000,11,0,463,7
,01594400,344,3094,30940000.000000000000000,0,900,900,209.499353587588870,365.155013748293240,648191.000000000000000,10,0,187,9
,01594500,345,7902,79020000.000000000000000,0,900,900,65.723993925588459,187.895829389432610,519351.000000000000000,11,3,463,6
,01594526,346,15478,154780000.000000000000000,0,900,900,69.665525261661713,209.842695073136980,1078283.000000000000000,11,3,463,3
,01644371,347,115,1150000.000000000000000,0,187,187,12.808695652173913,28.646540318365151,1473.000000000000000,9,3,11,6
,01644375,348,332,3320000.000000000000000,0,900,900,71.837349397590359,202.967096396140850,23850.000000000000000,11,0,463,6
,01644600,349,13910,139100000.000000000000000,0,900,900,43.149604601006473,159.780619206794850,600211.000000000000000,11,0,463,3
,01645200,350,969,9690000.000000000000000,0,900,900,213.044375644994830,346.026110630733290,206440.000000000000000,11,0,6,17
,01645704,351,1428,14280000.000000000000000,0,900,900,132.341036414565820,286.931897505677740,188983.000000000000000,11,6,463,9
,01646000,352,13580,135800000.000000000000000,0,900,900,47.801104565537557,159.871795051463920,649139.000000000000000,11,0,463,7
,01646305,353,540,5400000.000000000000000,0,900,900,180.170370370370360,204.354051541300040,97292.000000000000000,6,80,17,80
,01646550,354,1058,10580000.000000000000000,0,900,900,318.814744801512290,239.717153133851440,337306.000000000000000,8,463,3,463
,01647850,355,710,7100000.000000000000000,0,900,900,187.088732394366190,179.105285779531980,132833.000000000000000,10,80,6,80
,01649190,356,3399,33990000.000000000000000,0,900,900,61.557222712562520,129.917198855475620,209233.000000000000000,11,80,463,17
,01649500,357,15414,154140000.000000000000000,0,900,900,152.474957830543670,273.569706501195130,2350249.000000000000000,11,0,6,7
,01650800,358,1672,16720000.000000000000000,0,900,900,323.577751196172240,228.250219309946290,541022.000000000000000,6,463,17,463
,01651000,359,11110,111100000.000000000000000,0,900,900,146.713231323132310,203.691122730710900,1629984.000000000000000,11,463,900,80
,01651800,360,859,8590000.000000000000000,0,900,900,285.479627473806770,203.483740353996350,245227.000000000000000,9,463,9,187
,01652500,361,3469,34690000.000000000000000,0,900,900,352.345921014701620,209.694949886067800,1222288.000000000000000,9,463,7,463
,01653500,362,4485,44850000.000000000000000,0,900,900,170.910590858416950,251.586250183446450,766534.000000000000000,11,80,7,80
,01654000,363,6039,60390000.000000000000000,0,900,900,167.147044212617970,245.595333755280900,1009401.000000000000000,11,80,6,80
,01656903,364,1086,10860000.000000000000000,0,900,900,25.615101289134440,115.323873797732530,27818.000000000000000,10,0,187,3
,01657000,365,37164,371640000.000000000000000,0,900,900,56.303492627273705,203.326798782869870,2092463.000000000000000,11,0,463,3
,01673500,366,1515,15150000.000000000000000,0,900,900,56.801320132013203,201.048606173884910,86054.000000000000000,9,3,9,3
,02038000,367,8800,88000000.000000000000000,0,900,900,36.895227272727276,152.282221325296290,324678.000000000000000,10,0,187,3
,0208675010,368,1562,15620000.000000000000000,0,900,900,210.629961587708070,293.326800874495860,329004.000000000000000,11,80,9,80
,02086849,369,4157,41570000.000000000000000,0,900,900,213.776280971854700,282.675266368203550,888668.000000000000000,11,80,11,80
,0208732885,370,1790,17900000.000000000000000,0,900,900,207.663128491620110,349.702438447509730,371717.000000000000000,11,80,463,17
,0208735012,371,314,3140000.000000000000000,0,900,900,302.509554140127360,377.842494361951140,94988.000000000000000,8,0,11,80
,02093877,372,1379,13790000.000000000000000,0,900,900,131.594633792603330,311.399582647001410,181469.000000000000000,10,3,463,3
,0209399200,373,4114,41140000.000000000000000,0,900,900,118.445065629557600,277.679514034693570,487283.000000000000000,11,0,463,9
,02094659,374,1927,19270000.000000000000000,0,900,900,228.915412558380890,350.455345591832160,441120.000000000000000,11,80,463,80
,02094770,375,2133,21330000.000000000000000,0,900,900,250.089076418190330,308.367065532688970,533440.000000000000000,11,80,3,80
,02094775,376,979,9790000.000000000000000,0,900,900,166.946884576098060,291.966768153192670,163441.000000000000000,10,80,6,80
,02095000,377,3847,38470000.000000000000000,0,900,900,239.959968806862490,321.844690240698360,923126.000000000000000,11,80,9,80
,02095181,378,2485,24850000.000000000000000,0,900,900,237.099798792756530,272.219067340445460,589193.000000000000000,11,80,6,80
,02095271,379,1285,12850000.000000000000000,0,900,900,428.674708171206250,316.200118907155460,550847.000000000000000,11,463,9,463
,02095500,380,5839,58390000.000000000000000,0,900,900,174.639321801678360,262.376674856533440,1019719.000000000000000,11,80,9,80
,0209722970,381,1211,12110000.000000000000000,0,900,900,185.881915772089170,285.956372830959420,225103.000000000000000,11,80,7,80
,02097280,382,3841,38410000.000000000000000,0,900,900,150.131996875813600,233.616725209756310,576657.000000000000000,11,80,9,80
,0209741955,383,5487,54870000.000000000000000,0,900,900,96.432294514306548,261.420818386798890,529124.000000000000000,11,0,463,0
,02099000,384,3765,37650000.000000000000000,0,900,900,272.045683930942910,409.310268201693590,1024252.000000000000000,10,3,187,3
,02115860,385,47328,473280000.000000000000000,0,900,900,101.890403144016230,211.253438472017730,4822269.000000000000000,11,80,463,17
,0212414900,386,9286,92860000.000000000000000,0,900,900,75.730777514538019,227.397771760725670,703236.000000000000000,11,0,463,3
,02142654,387,2625,26250000.000000000000000,0,900,900,59.047238095238093,192.652939510134870,154999.000000000000000,10,3,187,3
,0214265808,388,1877,18770000.000000000000000,0,900,900,58.131592967501334,181.469832785675610,109113.000000000000000,11,0,463,6
,0214266000,389,2294,22940000.000000000000000,0,900,900,13.758500435919791,85.991748071392294,31562.000000000000000,9,3,900,3
,02142900,390,4265,42650000.000000000000000,0,900,900,107.869167643610780,274.586623122863730,460062.000000000000000,11,3,463,6
,02142914,391,1422,14220000.000000000000000,0,900,900,97.638537271448669,223.648845410739000,138842.000000000000000,11,80,463,17
,0214291555,392,2648,26480000.000000000000000,0,900,900,32.173716012084590,104.125182639000220,85196.000000000000000,10,3,900,9
,0214295600,393,2721,27210000.000000000000000,0,900,900,123.560823226754860,241.259842737371320,336209.000000000000000,11,80,463,80
,021459367,394,4368,43680000.000000000000000,0,900,900,47.208333333333336,135.407004515820740,206206.000000000000000,11,3,463,7
,02146110,395,1514,15140000.000000000000000,0,900,900,179.285997357992070,275.834919859624850,271439.000000000000000,11,0,7,80
,02146211,396,1490,14900000.000000000000000,0,900,900,200.825503355704710,310.246252735075020,299230.000000000000000,11,80,6,80
,02146300,397,6320,63200000.000000000000000,0,900,900,308.409335443037950,339.494941343254200,1949147.000000000000000,11,80,7,187
,02146315,398,1359,13590000.000000000000000,0,900,900,298.188373804267830,372.837012188068630,405238.000000000000000,11,900,3,80
,02146381,399,7524,75240000.000000000000000,0,900,900,231.066454013822440,379.182881994261210,1738544.000000000000000,11,0,463,7
,02146409,400,3150,31500000.000000000000000,0,900,900,413.182857142857130,362.667113390081060,1301526.000000000000000,11,900,7,187
,0214642825,401,1331,13310000.000000000000000,0,900,900,100.276483846731780,143.139611394159260,133468.000000000000000,11,80,463,80
,0214645022,402,3523,35230000.000000000000000,0,900,900,233.417258018734030,206.456477775931290,822329.000000000000000,10,187,3,187
,02146470,403,699,6990000.000000000000000,0,900,900,295.131616595135880,232.795175099801300,206297.000000000000000,6,187,17,187
,02146500,404,1916,19160000.000000000000000,0,900,900,247.471816283924850,224.994691978770420,474156.000000000000000,11,187,9,187
,02146507,405,501,5010000.000000000000000,0,900,900,148.722554890219560,206.992668808290690,74510.000000000000000,11,80,0,80
,02146530,406,1640,16400000.000000000000000,0,900,900,137.024390243902450,282.255654120807260,224720.000000000000000,11,80,463,17
,0214655255,407,1897,18970000.000000000000000,0,900,900,38.878228782287820,112.356830638213350,73752.000000000000000,10,17,187,11
,02146562,408,1525,15250000.000000000000000,0,900,900,78.405245901639347,150.323152581326330,119568.000000000000000,11,80,463,17
,02146600,409,6621,66210000.000000000000000,0,900,900,79.606856970246184,222.102733375544740,527077.000000000000000,10,80,187,11
,02146700,410,1828,18280000.000000000000000,0,900,900,105.056892778993430,143.156759580328330,192044.000000000000000,11,80,7,80
,02146750,411,11981,119810000.000000000000000,0,900,900,36.827142976379264,143.596290868234490,441226.000000000000000,11,0,463,6
,0214676115,412,698,6980000.000000000000000,0,900,900,50.686246418338108,192.413938221032310,35379.000000000000000,9,6,80,6
,0214678175,413,1829,18290000.000000000000000,0,900,900,170.449425915800990,344.550690037636230,311752.000000000000000,10,3,187,3
,02146800,414,12216,122160000.000000000000000,0,900,900,53.259332023575638,193.089514505569410,650616.000000000000000,11,3,463,3
,0214685800,415,5441,54410000.000000000000000,0,900,900,8.852784414629664,71.858349040569152,48168.000000000000000,9,3,80,3
,021473428,416,7686,76860000.000000000000000,0,900,900,53.730809263596150,168.515335886320170,412975.000000000000000,11,3,463,3
,02160326,417,21923,219230000.000000000000000,0,900,900,63.671851480180635,182.501860618472650,1395878.000000000000000,11,80,463,9
,02162093,418,1446,14460000.000000000000000,0,900,900,337.894882434301510,340.217719753270390,488596.000000000000000,7,187,11,187
,02164000,419,12519,125190000.000000000000000,0,900,900,165.457864046649090,246.948025350440020,2071367.000000000000000,11,80,7,80
,02164110,420,15847,158470000.000000000000000,0,900,900,119.242695778380760,261.902363527336320,1889639.000000000000000,11,3,7,6
,02197020,421,4559,45590000.000000000000000,0,900,900,88.578635665716163,266.016248268528390,403830.000000000000000,9,0,9,0
,02197338,422,81,810000.000000000000000,0,900,900,322.222222222222230,431.477507532168890,26100.000000000000000,2,0,900,0
,02197339,423,46,460000.000000000000000,0,900,900,58.695652173913047,222.218152661749830,2700.000000000000000,2,0,900,0
,02203603,424,606,6060000.000000000000000,0,900,900,409.077557755775560,325.833496715967270,247901.000000000000000,6,187,17,187
,02203655,425,5359,53590000.000000000000000,0,900,900,272.811905206195210,316.416173849870290,1461999.000000000000000,11,80,6,187
,02203700,426,2757,27570000.000000000000000,0,900,900,324.334421472615130,311.232787899730000,894190.000000000000000,11,463,6,187
,02204070,427,39058,390580000.000000000000000,0,900,900,101.964258282554160,216.769570872100530,3982520.000000000000000,11,80,463,11
,02205000,428,334,3340000.000000000000000,3,80,77,3.637724550898204,4.397592111510299,1215.000000000000000,6,3,17,3
,02205522,429,1936,19360000.000000000000000,0,900,900,116.878615702479340,265.728859350037740,226277.000000000000000,11,0,463,9
,02206500,430,32889,328890000.000000000000000,0,900,900,88.407583082489580,252.439730044897860,2907637.000000000000000,11,0,463,3
,02207120,431,6930,69300000.000000000000000,0,900,900,27.140259740259740,131.756745813886140,188082.000000000000000,10,3,187,6
,02207385,432,4462,44620000.000000000000000,0,900,900,17.878529807261319,109.132275086342740,79774.000000000000000,9,3,80,3
,02208050,433,2569,25690000.000000000000000,0,900,900,124.281043207473730,304.093139098389430,319278.000000000000000,9,3,80,3
,02208130,434,1391,13910000.000000000000000,0,900,900,119.997124370956140,272.354425580631020,166916.000000000000000,10,80,187,11
,02208150,435,3981,39810000.000000000000000,0,900,900,22.739512685254962,124.454722142292980,90526.000000000000000,9,3,17,3
,02211375,436,1140,11400000.000000000000000,0,900,900,129.050877192982450,207.761695153160390,147118.000000000000000,11,80,7,80
,02217274,437,438,4380000.000000000000000,0,9,9,2.910958904109589,1.164081346759225,1275.000000000000000,5,3,7,3
,02218565,438,1483,14830000.000000000000000,0,900,900,10.620364126770061,70.003618368110324,15750.000000000000000,9,3,900,3
,02334480,439,2445,24450000.000000000000000,0,900,900,32.959918200409000,130.850144656547970,80587.000000000000000,11,3,463,3
,02334578,440,1309,13090000.000000000000000,0,900,900,19.244461420932009,72.156839258336959,25191.000000000000000,9,3,900,7
,02334620,441,1784,17840000.000000000000000,0,900,900,30.692825112107624,156.501421339412790,54756.000000000000000,7,3,11,3
,02334885,442,12119,121190000.000000000000000,0,900,900,72.503094314712442,230.182393881112490,878665.000000000000000,11,3,463,3
,02335350,443,2295,22950000.000000000000000,0,900,900,210.343355119825700,360.576205197071370,482738.000000000000000,11,0,463,11
,02335700,444,19072,190720000.000000000000000,0,900,900,48.120543204697988,188.691933192180330,917755.000000000000000,10,3,187,3
,02335757,445,7703,77030000.000000000000000,0,900,900,100.882902765156430,261.287711892697980,777101.000000000000000,11,0,463,6
,023358685,446,3308,33080000.000000000000000,0,900,900,11.590084643288996,73.308899366674268,38340.000000000000000,9,3,900,3
,02335870,447,4665,46650000.000000000000000,0,900,900,124.216291532690250,260.133385177674710,579469.000000000000000,11,80,463,11
,02335910,448,4810,48100000.000000000000000,0,900,900,278.844698544698530,370.981758967267300,1341243.000000000000000,11,80,6,80
,02336030,449,357,3570000.000000000000000,0,900,900,465.980392156862760,445.252978992625000,166355.000000000000000,9,900,7,900
,02336120,450,8742,87420000.000000000000000,0,900,900,215.850606268588420,294.445511654209040,1886966.000000000000000,11,80,6,80
,02336240,451,7137,71370000.000000000000000,0,900,900,239.050581476810980,261.229263561124640,1706104.000000000000000,11,80,7,80
,02336300,452,5891,58910000.000000000000000,0,900,900,378.898998472245810,300.201844309998530,2232094.000000000000000,11,463,7,463
,02336360,453,6798,67980000.000000000000000,0,900,900,185.658576051779930,295.880578848195800,1262107.000000000000000,11,80,463,80
,02336410,454,2839,28390000.000000000000000,0,900,900,118.769284959492780,162.480804818169670,337186.000000000000000,11,80,3,80
,02336526,455,3508,35080000.000000000000000,0,900,900,331.706955530216650,295.888450481527740,1163628.000000000000000,11,463,7,187
,02336635,456,8066,80660000.000000000000000,0,900,900,85.143441606744361,162.476499297467480,686767.000000000000000,11,80,463,17
,02336728,457,8992,89920000.000000000000000,0,900,900,163.547153024911040,231.961941980752360,1470616.000000000000000,11,80,7,80
,02336968,458,11435,114350000.000000000000000,0,900,900,27.036816790555314,112.093974684118080,309166.000000000000000,11,3,463,6
,02344350,459,33003,330030000.000000000000000,0,900,900,130.666878768596800,294.754622489404030,4312399.000000000000000,11,3,463,6
,02344478,460,3330,33300000.000000000000000,0,900,900,67.717717717717719,189.063721764075300,225500.000000000000000,11,3,7,3
,02346310,461,2504,25040000.000000000000000,0,900,900,105.132587859424920,221.092928560452070,263252.000000000000000,11,80,463,17
,02378170,462,1376,13760000.000000000000000,0,900,900,72.695494186046517,220.493215981016360,100029.000000000000000,10,3,187,3
,02392950,463,6552,65520000.000000000000000,0,900,900,162.030219780219770,331.876753463835260,1061622.000000000000000,10,0,187,3
,02392975,464,2396,23960000.000000000000000,0,900,900,42.165275459098496,139.251233050409100,101028.000000000000000,10,0,187,9
,02465292,465,2642,26420000.000000000000000,0,900,900,180.001135503406520,248.253285559913590,475563.000000000000000,11,80,3,80
,02485700,466,4506,45060000.000000000000000,0,900,900,74.094762538837102,220.246276297470870,333871.000000000000000,11,0,463,0
,03238140,467,1062,10620000.000000000000000,0,900,900,262.080979284369110,194.052250510606570,278330.000000000000000,8,187,6,187
,03260015,468,1639,16390000.000000000000000,0,900,900,118.260524710189150,191.024519756574360,193829.000000000000000,11,80,7,80
,03260050,469,3070,30700000.000000000000000,0,900,900,212.064495114006520,308.834702332510290,651038.000000000000000,11,80,9,80
,03260100,470,976,9760000.000000000000000,0,900,900,276.136270491803260,401.350949810710740,269509.000000000000000,10,900,187,17
,03277075,471,9559,95590000.000000000000000,0,900,900,113.887226697353280,279.084309722521540,1088648.000000000000000,11,3,463,6
,03284520,472,408,4080000.000000000000000,0,900,900,22.848039215686274,132.073625657034710,9322.000000000000000,9,3,187,3
,03287580,473,558,5580000.000000000000000,0,900,900,17.627240143369175,86.423837499165217,9836.000000000000000,10,3,187,3
,03287600,474,5004,50040000.000000000000000,0,900,900,79.362509992006395,221.818837802229410,397130.000000000000000,11,3,463,3
,03288200,475,5217,52170000.000000000000000,0,900,900,126.475368986007280,251.623468239764950,659822.000000000000000,11,3,11,6
,03288500,476,607,6070000.000000000000000,0,900,900,64.644151565074139,212.081638320207450,39239.000000000000000,10,3,187,3
,03289000,477,5590,55900000.000000000000000,0,900,900,51.788014311270125,176.123882952160950,289495.000000000000000,11,3,463,3
,03289193,478,2557,25570000.000000000000000,0,900,900,255.396167383652710,257.729756088469800,653048.000000000000000,11,187,7,187
,03289200,479,5300,53000000.000000000000000,0,900,900,221.016226415094340,321.521026221833890,1171386.000000000000000,11,3,7,3
,03289300,480,12714,127140000.000000000000000,0,900,900,11.144643699858424,81.904824445451922,141693.000000000000000,10,3,463,3
,03292474,481,1721,17210000.000000000000000,0,900,900,83.573503776873906,164.824649225514520,143830.000000000000000,11,80,7,17
,03292475,482,1035,10350000.000000000000000,0,900,900,67.386473429951693,149.777114311971160,69745.000000000000000,11,80,463,17
,03292480,483,1490,14900000.000000000000000,0,900,900,94.468456375838926,242.064619218676800,140758.000000000000000,11,3,463,9
,03292500,484,4525,45250000.000000000000000,0,900,900,234.956022099447520,265.435138313637030,1063176.000000000000000,11,80,6,80
,03292550,485,1369,13690000.000000000000000,0,900,900,309.480642804967150,205.671704576918190,423679.000000000000000,8,463,9,463
,03293000,486,4883,48830000.000000000000000,0,900,900,172.236944501331150,261.360077438939360,841033.000000000000000,11,80,7,80
,03293500,487,1684,16840000.000000000000000,0,900,900,253.813539192399050,223.375228143770950,427422.000000000000000,9,463,6,187
,03293510,488,3157,31570000.000000000000000,0,900,900,283.507760532150770,254.382906245955160,895034.000000000000000,11,463,9,187
,03294550,489,7857,78570000.000000000000000,0,900,900,332.002672775868630,293.136443117020060,2608545.000000000000000,11,463,6,187
,03294570,490,3701,37010000.000000000000000,0,900,900,160.134558227506090,240.330814846355000,592658.000000000000000,11,80,6,80
,03298135,491,1419,14190000.000000000000000,0,900,900,315.465821000704690,388.577219969226120,447646.000000000000000,11,900,7,80
,03298150,492,1594,15940000.000000000000000,0,900,900,47.956085319949814,145.355595050654070,76442.000000000000000,11,17,463,11
,03298250,493,2926,29260000.000000000000000,0,900,900,39.194805194805198,99.748386393907637,114684.000000000000000,11,17,463,11
,03301900,494,883,8830000.000000000000000,0,900,900,83.489241223103065,120.938097321243110,73721.000000000000000,11,80,900,80
,03302000,495,15802,158020000.000000000000000,0,900,900,204.108973547652200,316.075378473356810,3225330.000000000000000,11,80,6,80
,03302030,496,4773,47730000.000000000000000,0,900,900,57.425099518122771,142.600871978753050,274090.000000000000000,11,17,900,9
,03431060,497,24227,242270000.000000000000000,0,900,900,53.370619556692944,165.293845499496970,1293010.000000000000000,11,3,463,3
,03431300,498,3092,30920000.000000000000000,0,900,900,289.466041397153960,309.719608533593940,895029.000000000000000,11,80,3,187
,03431700,499,6396,63960000.000000000000000,0,900,900,129.879299562226380,161.988550898353740,830708.000000000000000,11,80,3,80
,05588720,500,2199,21990000.000000000000000,0,900,900,40.140063665302414,114.975938840388610,88268.000000000000000,11,3,463,9
,06935850,501,1444,14440000.000000000000000,0,900,900,126.715373961218830,311.861020988261320,182977.000000000000000,8,0,11,0
,06935890,502,4289,42890000.000000000000000,0,900,900,126.373047330380050,310.832452464843580,542014.000000000000000,10,0,187,0
,06935955,503,3035,30350000.000000000000000,0,900,900,302.171004942339380,410.112349395062320,917089.000000000000000,11,900,463,11
,06935980,504,974,9740000.000000000000000,0,900,900,357.750513347022600,430.080017833871120,348449.000000000000000,11,900,463,17
,06935997,505,554,5540000.000000000000000,0,900,900,92.624548736462089,270.811529125158980,51314.000000000000000,8,0,9,0
,06936475,506,10595,105950000.000000000000000,0,900,900,276.598301085417630,393.143492383546630,2930559.000000000000000,11,0,7,11
,07001910,507,300,3000000.000000000000000,0,900,900,116.656666666666670,286.284890954602930,34997.000000000000000,10,0,187,3
,07001985,508,1068,10680000.000000000000000,0,900,900,192.489700374531820,348.277297188051480,205579.000000000000000,11,0,463,11
,07005000,509,6132,61320000.000000000000000,0,900,900,197.747716894977170,325.031608357576200,1212589.000000000000000,11,0,7,17
,07010030,510,514,5140000.000000000000000,0,900,900,142.935797665369650,302.592600488310210,73469.000000000000000,11,0,7,3
,07010035,511,373,3730000.000000000000000,0,900,900,161.276139410187680,328.212743067927760,60156.000000000000000,11,3,9,3
,07010055,512,3164,31640000.000000000000000,0,900,900,104.792667509481670,270.582032908384060,331564.000000000000000,11,0,463,3
,07010061,513,1649,16490000.000000000000000,0,900,900,70.168587022437848,200.406002599701000,115708.000000000000000,11,3,463,7
,07010070,514,491,4910000.000000000000000,0,900,900,101.997963340122200,218.765323573677930,50081.000000000000000,10,0,7,11
,07010075,515,288,2880000.000000000000000,0,900,900,77.878472222222229,214.382258109458150,22429.000000000000000,11,0,463,6
,07010082,516,1485,14850000.000000000000000,0,900,900,237.774410774410770,368.933610616003990,353095.000000000000000,11,0,463,17
,07010086,517,2340,23400000.000000000000000,0,900,900,233.776495726495740,360.315881184654300,547037.000000000000000,11,0,463,80
,07010090,518,948,9480000.000000000000000,0,900,900,212.152953586497890,348.102058397959750,201121.000000000000000,11,0,9,17
,07010094,519,154,1540000.000000000000000,0,900,900,172.850649350649350,345.163762798079690,26619.000000000000000,8,0,463,3
,07010097,520,9863,98630000.000000000000000,0,900,900,391.256919801277490,421.738873807891480,3858967.000000000000000,11,900,6,80
,07010180,521,4726,47260000.000000000000000,0,900,900,219.452602623783320,365.655619879336030,1037133.000000000000000,11,0,463,6
,07010208,522,685,6850000.000000000000000,0,900,900,272.089051094890520,409.453860163448950,186381.000000000000000,10,0,463,3
,07019120,523,2489,24890000.000000000000000,0,900,900,135.916432302129380,306.521542888404780,338296.000000000000000,11,0,463,3
,07019317,524,2067,20670000.000000000000000,0,900,900,247.211417513304300,399.939469664502270,510986.000000000000000,10,0,187,3
,07031692,525,7881,78810000.000000000000000,0,900,900,110.668316203527470,277.854482480776370,872177.000000000000000,10,0,187,6
,07032200,526,17613,176130000.000000000000000,0,900,900,40.270141372849601,177.373535109093750,709278.000000000000000,10,3,187,3
,08076180,527,7312,73120000.000000000000000,0,900,900,111.391274617067840,287.152636592051920,814493.000000000000000,11,0,463,3
,0209553650,528,4599,45990000.000000000000000,0,900,900,51.574255272885409,173.067134890910520,237190.000000000000000,11,3,463,7
,10168000,529,11677,116770000.000000000000000,0,900,900,36.692986212212041,129.468430653532550,428464.000000000000000,11,0,463,0
,11161300,530,950,9500000.000000000000000,0,900,900,77.371578947368420,166.449916072868060,73503.000000000000000,11,80,463,17
,11162800,531,462,4620000.000000000000000,0,900,900,120.487012987012990,191.923355813361520,55665.000000000000000,8,80,9,80
,12081000,532,6412,64120000.000000000000000,0,900,900,97.190268247036812,248.935886251101040,623184.000000000000000,11,3,463,7
,12090400,533,1460,14600000.000000000000000,0,900,900,108.910273972602740,183.715155574046660,159009.000000000000000,11,80,3,80
,12090500,534,14961,149610000.000000000000000,0,900,900,68.440010694472292,198.870215895970400,1023931.000000000000000,11,0,463,6
,12091100,535,3480,34800000.000000000000000,0,900,900,364.273275862068940,321.368520832971740,1267671.000000000000000,11,463,7,187
,12091200,536,1223,12230000.000000000000000,0,900,900,259.263286999182360,292.797566136668930,317079.000000000000000,11,80,7,80
,12091290,537,503,5030000.000000000000000,0,900,900,70.347912524850898,126.750597422397550,35385.000000000000000,10,80,900,80
,12091300,538,31,310000.000000000000000,0,187,187,56.870967741935480,48.700362279558554,1763.000000000000000,6,80,7,80
,12091500,539,4202,42020000.000000000000000,0,900,900,257.422179914326530,291.350448807254220,1081688.000000000000000,11,187,9,187
,12102190,540,556,5560000.000000000000000,0,900,900,100.728417266187050,166.439275286593950,56005.000000000000000,10,80,6,80
,12113347,541,732,7320000.000000000000000,0,900,900,105.040983606557380,173.668072521232770,76890.000000000000000,11,80,3,80
,12113349,542,1367,13670000.000000000000000,0,900,900,271.178493050475480,369.884426529158530,370701.000000000000000,11,80,463,80
,12120000,543,3758,37580000.000000000000000,0,900,900,212.190792974986690,309.305933090837130,797413.000000000000000,11,80,3,80
,12120500,544,1678,16780000.000000000000000,0,900,900,120.669249106078670,245.228935670122330,202483.000000000000000,11,80,463,80
,12124000,545,3398,33980000.000000000000000,0,900,900,14.403472630959389,74.655898560155947,48943.000000000000000,10,3,187,3
,12125200,546,37169,371690000.000000000000000,0,900,900,41.974441066480132,155.744958406912500,1560148.000000000000000,11,0,463,3
,12126000,547,6385,63850000.000000000000000,0,900,900,84.662646828504307,211.688453038345930,540571.000000000000000,11,80,463,11
,12127100,548,5890,58900000.000000000000000,0,900,900,135.594736842105280,233.778602341780670,798653.000000000000000,11,80,463,80
,12128000,549,3126,31260000.000000000000000,0,900,900,366.390914907229670,213.158805495338160,1145338.000000000000000,6,463,17,463
,12157000,550,4791,47910000.000000000000000,0,900,900,67.546232519307040,220.315854319844960,323614.000000000000000,9,3,80,6
,14142800,551,2896,28960000.000000000000000,0,900,900,63.945787292817677,164.504322526926810,185187.000000000000000,11,80,463,17
,14206900,552,625,6250000.000000000000000,0,900,900,228.910400000000010,141.227798863538200,143069.000000000000000,6,187,17,187
,14206950,553,7458,74580000.000000000000000,0,900,900,184.425583266291230,273.740087893351130,1375446.000000000000000,11,80,7,80
,14211315,554,1705,17050000.000000000000000,0,900,900,133.756598240469200,153.293248169869120,228055.000000000000000,11,80,3,80
,14211499,555,1223,12230000.000000000000000,0,900,900,31.603434178250204,120.256983843708540,38651.000000000000000,10,3,187,7
,14211500,556,5629,56290000.000000000000000,0,900,900,49.318351394563862,143.842157473150540,277613.000000000000000,11,80,463,11
,14211550,557,6856,68560000.000000000000000,0,900,900,279.099766627771320,234.757186605059360,1913508.000000000000000,11,463,7,187
,06710150,558,2911,29110000.000000000000000,0,900,900,24.689453795946410,142.432018373188730,71871.000000000000000,9,0,80,0
,07103990,559,5154,51540000.000000000000000,0,900,900,33.151144741948002,153.921469060072300,170861.000000000000000,10,0,187,0
,07104500,560,2295,22950000.000000000000000,0,900,900,90.845751633986922,225.077382380579140,208491.000000000000000,11,0,463,9
,07105600,561,13465,134650000.000000000000000,0,900,900,46.893204604530261,190.034924463954500,631417.000000000000000,10,0,187,0
,08053009,562,3543,35430000.000000000000000,0,900,900,154.743720011289870,338.871285354419230,548257.000000000000000,9,0,80,0
,08056500,563,1640,16400000.000000000000000,0,900,900,324.225609756097580,227.652536003925120,531730.000000000000000,11,463,9,187
,08057200,564,17290,172900000.000000000000000,0,900,900,187.961249277038750,329.696210664614510,3249850.000000000000000,11,0,7,6
,08057445,565,2336,23360000.000000000000000,0,900,900,219.387414383561630,282.327837579690650,512489.000000000000000,11,80,9,80
,08061540,566,31084,310840000.000000000000000,0,900,900,124.594646763608280,303.091780725053580,3872900.000000000000000,11,0,463,0
,08061700,567,8218,82180000.000000000000000,0,900,900,279.036383548308610,363.117150509413820,2293121.000000000000000,11,900,7,80
,08083420,568,3231,32310000.000000000000000,0,900,900,176.286289074589920,261.562914442943790,569581.000000000000000,11,3,7,11
,08155541,569,467,4670000.000000000000000,0,900,900,188.184154175588870,241.337973553899250,87882.000000000000000,9,80,6,80
,08156675,570,1450,14500000.000000000000000,0,900,900,241.479999999999990,348.968505564416320,350146.000000000000000,11,80,6,80
,08156800,571,1854,18540000.000000000000000,0,900,900,330.845199568500560,248.287133875368940,613387.000000000000000,11,463,9,463
,08156910,572,284,2840000.000000000000000,0,900,900,432.735915492957760,333.305136567365310,122897.000000000000000,7,900,11,463
,08157000,573,310,3100000.000000000000000,0,900,900,353.935483870967740,210.520726967276060,109720.000000000000000,5,463,900,463
,08157500,574,473,4730000.000000000000000,0,900,900,358.435517970401690,307.366933629138940,169540.000000000000000,9,463,17,463
,08158030,575,432,4320000.000000000000000,0,900,900,415.504629629629620,284.493661611440930,179498.000000000000000,10,463,6,463
,08158035,576,464,4640000.000000000000000,0,900,900,311.461206896551740,255.586383356320620,144518.000000000000000,6,463,17,187
,08158045,577,385,3850000.000000000000000,0,900,900,308.179220779220770,265.823115847499880,118649.000000000000000,8,187,3,187
,08158200,578,6862,68620000.000000000000000,0,900,900,136.524482658117170,310.036891823056860,936831.000000000000000,11,0,463,0
,08158380,579,1352,13520000.000000000000000,0,900,900,229.716715976331360,340.614966061668440,310577.000000000000000,11,80,7,80
,08158600,580,5250,52500000.000000000000000,0,900,900,129.224952380952370,282.287334645371910,678431.000000000000000,11,0,463,3
,08158970,581,7130,71300000.000000000000000,0,900,900,95.484572230014024,239.216921048618790,680805.000000000000000,11,3,463,7
,08177700,582,5673,56730000.000000000000000,0,900,900,93.164286973382687,220.820252236368160,528521.000000000000000,11,0,7,7
,08181480,583,54188,541880000.000000000000000,0,900,900,52.994666715878054,193.364827780222500,2871675.000000000000000,11,3,463,3
,08329840,584,1112,11120000.000000000000000,0,900,900,138.988309352517970,184.594560704658960,154555.000000000000000,11,80,3,80
,09483000,585,2000,20000000.000000000000000,0,900,900,318.801499999999980,282.331902373341450,637603.000000000000000,11,463,6,187
,10311300,586,7530,75300000.000000000000000,0,900,900,54.387915006640107,191.488905812248160,409541.000000000000000,11,0,463,0
,11023330,587,8134,81340000.000000000000000,0,900,900,60.513523481681830,201.232812192198310,492217.000000000000000,11,0,463,3
,11023340,588,2848,28480000.000000000000000,0,900,900,78.300210674157299,237.863111185566080,222999.000000000000000,10,0,187,3
,11045300,589,1839,18390000.000000000000000,0,900,900,64.638390429581293,182.576658655554580,118870.000000000000000,7,0,11,0
,11047000,590,9222,92220000.000000000000000,0,900,900,54.217414877466929,209.763545629751630,499993.000000000000000,11,0,463,0
,11047500,591,2305,23050000.000000000000000,0,900,900,43.059869848156183,179.430958496002970,99253.000000000000000,10,0,187,0
,11060400,592,3083,30830000.000000000000000,0,900,900,444.648070061628290,309.536339955171680,1370850.000000000000000,10,463,6,463
,11101500,593,29998,299980000.000000000000000,0,900,900,272.594306287085830,275.683029883563050,8177284.000000000000000,11,463,7,187
,11102000,594,1649,16490000.000000000000000,0,900,900,402.149181322013360,277.305906861406870,663144.000000000000000,6,463,17,463
,11102300,595,1040,10400000.000000000000000,0,900,900,199.296153846153860,292.960483658132770,207268.000000000000000,9,0,9,80
,11102500,596,1817,18170000.000000000000000,0,900,900,528.313153549807340,325.879716892628840,959945.000000000000000,5,900,80,463
,11120000,597,4951,49510000.000000000000000,0,900,900,52.546354271864267,131.891468813902550,260157.000000000000000,11,0,7,3
,11153650,598,22127,221270000.000000000000000,0,900,900,55.718217562254260,182.006165115450330,1232877.000000000000000,11,3,463,3
,11162720,599,2857,28570000.000000000000000,0,900,900,242.900945047252350,289.062290326827960,693968.000000000000000,11,0,7,80
,11166000,600,1654,16540000.000000000000000,0,900,900,83.093107617896010,208.015860799777900,137436.000000000000000,11,0,7,11
,11181040,601,12159,121590000.000000000000000,0,900,900,78.764289826465998,175.613385670437960,957695.000000000000000,11,0,9,3
,11183000,602,13303,133030000.000000000000000,0,900,900,51.231902578365784,144.831103458284390,681538.000000000000000,11,0,463,3
,11183600,603,8499,84990000.000000000000000,0,900,900,119.430874220496530,186.749445701697080,1015043.000000000000000,11,80,7,80
,11335655,604,4508,45080000.000000000000000,0,900,900,32.111357586512867,158.427762193809170,144758.000000000000000,10,3,187,3
,11336580,605,10621,106210000.000000000000000,0,900,900,154.870727803408330,304.277971961190130,1644882.000000000000000,11,0,7,0
,11447360,606,8164,81640000.000000000000000,0,900,900,148.103380695737370,194.869444840441670,1209116.000000000000000,11,80,9,80
,11465660,607,1440,14400000.000000000000000,0,900,900,28.690972222222221,133.211109299192660,41315.000000000000000,10,0,187,3
,11465680,608,9332,93320000.000000000000000,0,900,900,77.934633519074154,218.416992594273640,727286.000000000000000,11,3,463,6
,11465690,609,872,8720000.000000000000000,0,900,900,176.801605504587140,291.969927990252700,154171.000000000000000,11,0,3,17
,11465700,610,930,9300000.000000000000000,0,900,900,72.754838709677415,149.546145297567190,67662.000000000000000,9,17,9,17
,11465750,611,8395,83950000.000000000000000,0,900,900,73.827516378796901,153.992623077616200,619782.000000000000000,11,80,7,17
,11466065,612,2699,26990000.000000000000000,0,900,900,35.294924045942942,92.326272054441276,95261.000000000000000,11,3,463,6
,11466320,613,17236,172360000.000000000000000,0,900,900,70.533824553260615,181.295815230561890,1215721.000000000000000,11,0,900,7
,11466800,614,24377,243770000.000000000000000,0,900,900,27.971202362883044,122.800480057234920,681854.000000000000000,11,3,463,3
,11447293,615,20276,202760000.000000000000000,0,900,900,67.215377786545673,199.710313044121510,1362859.000000000000000,11,3,463,7