Rowid_,GAGE_ID,ZONE_CODE,COUNT,AREA,MIN,MAX,RANGE,MEAN,STD,SUM,VARIETY,MAJORITY,MINORITY,MEDIAN
,06914990,1,2045,20450000.000000000000000,0,900,900,78.861613691931538,250.614513047355730,161272.000000000000000,10,0,11,0
,03255500,2,20211,202110000.000000000000000,0,900,900,252.719558656177330,327.010843633456430,5107715.000000000000000,11,80,7,80
,03271000,3,18038,180380000.000000000000000,0,900,900,100.285397494178950,169.469628626534760,1808948.000000000000000,11,80,900,17
,03271300,4,5182,51820000.000000000000000,0,900,900,192.427634118101110,226.935418923070980,997160.000000000000000,11,80,6,80
,03337000,5,1104,11040000.000000000000000,0,900,900,490.813405797101440,274.241707432780800,541858.000000000000000,5,463,80,463
,03337100,6,119,1190000.000000000000000,0,900,900,656.621848739495820,331.601056034157860,78138.000000000000000,4,900,187,900
,03351072,7,4218,42180000.000000000000000,0,900,900,40.756045519203411,122.326053400919790,171909.000000000000000,11,3,463,7
,03351310,8,4622,46220000.000000000000000,0,900,900,223.826482042405870,244.144990668982790,1034526.000000000000000,11,80,9,187
,03353120,9,2129,21290000.000000000000000,0,900,900,441.635509628933790,309.596054305383120,940242.000000000000000,11,463,6,463
,03353160,10,773,7730000.000000000000000,0,900,900,430.058214747736090,174.552684197609380,332435.000000000000000,5,463,80,463
,03353180,11,877,8770000.000000000000000,0,900,900,327.480045610034210,267.268293708570520,287200.000000000000000,11,463,6,187
,03353600,12,6370,63700000.000000000000000,0,900,900,280.964521193092590,320.544104725175540,1789744.000000000000000,11,80,6,80
,03353620,13,3885,38850000.000000000000000,0,900,900,257.634234234234210,304.018887531716300,1000909.000000000000000,11,80,3,80
,03353637,14,4446,44460000.000000000000000,0,900,900,167.187134502923980,199.163498246438820,743314.000000000000000,11,80,6,80
,04087030,15,8788,87880000.000000000000000,0,900,900,90.708693673190709,185.479132727282380,797148.000000000000000,11,80,0,11
,04087070,16,5179,51790000.000000000000000,0,900,900,163.760764626375760,263.997237733041800,848117.000000000000000,11,3,9,17
,04087088,17,4689,46890000.000000000000000,0,900,900,271.736830880784790,274.412574972252120,1274174.000000000000000,11,187,9,187
,04087119,18,2769,27690000.000000000000000,0,900,900,420.368002889129630,195.835189518159840,1163999.000000000000000,6,463,17,463
,04087120,19,11154,111540000.000000000000000,0,900,900,267.453110991572540,307.541155469357760,2983172.000000000000000,11,80,9,80
,04087142,20,3907,39070000.000000000000000,0,900,900,507.610442794983380,238.998389375040150,1983234.000000000000000,10,463,7,463
,04087159,21,4809,48090000.000000000000000,0,900,900,446.730713245997090,288.565260919348650,2148328.000000000000000,11,463,7,463
,04087170,22,185317,1853170000.000000000000000,0,900,900,60.852015735199686,165.619414290323790,11276913.000000000000000,11,3,900,6
,04087204,23,6621,66210000.000000000000000,0,900,900,220.321854704727370,297.895883789213770,1458751.000000000000000,11,80,9,80
,04087214,24,3842,38420000.000000000000000,0,900,900,240.499479437792810,237.213722089749270,923999.000000000000000,11,187,3,187
,04087220,25,8852,88520000.000000000000000,0,900,900,156.381043831902390,214.125174478829390,1384285.000000000000000,11,80,3,80
,04087240,26,36282,362820000.000000000000000,0,900,900,42.708174852543962,136.646644268610120,1549538.000000000000000,11,17,463,9
,04087257,27,9825,98250000.000000000000000,0,900,900,101.769262086513990,234.369760252532420,999883.000000000000000,11,3,463,11
,04093000,28,32120,321200000.000000000000000,0,900,900,106.467995018679940,210.632551237189830,3419752.000000000000000,11,3,9,11
,04094500,29,19214,192140000.000000000000000,0,900,900,87.817164567502857,181.206785094409100,1687319.000000000000000,11,80,900,17
,04101370,30,9191,91910000.000000000000000,0,900,900,112.963986508540970,212.963329027182370,1038252.000000000000000,11,80,7,17
,04106180,31,3644,36440000.000000000000000,0,900,900,107.336717892425910,174.842464648414420,391135.000000000000000,11,80,3,80
,04106300,32,1416,14160000.000000000000000,0,900,900,219.752824858757070,275.092690450832950,311170.000000000000000,11,187,6,80
,04106500,33,8070,80700000.000000000000000,0,900,900,108.858364312267650,191.684674692116860,878487.000000000000000,11,80,900,17
,04160800,34,5474,54740000.000000000000000,0,900,900,95.504384362440632,195.646183220911210,522791.000000000000000,11,80,3,17
,04161100,35,4558,45580000.000000000000000,0,900,900,284.367046950416860,355.789675055868710,1296145.000000000000000,11,900,7,80
,04162900,36,6446,64460000.000000000000000,0,900,900,374.816165063605350,296.698302298763960,2416065.000000000000000,7,187,11,187
,04163400,37,4257,42570000.000000000000000,0,900,900,197.792576932111810,214.611883899041290,842003.000000000000000,11,80,7,80
,04165500,38,168627,1686270000.000000000000000,0,900,900,137.348289419843810,234.580522323039820,23160630.000000000000000,11,80,7,17
,04166000,39,8419,84190000.000000000000000,0,900,900,186.383774795106320,210.760638362422530,1569165.000000000000000,11,80,6,80
,04166100,40,14006,140060000.000000000000000,0,900,900,211.819363130087110,192.521881305556410,2966742.000000000000000,11,80,7,187
,04166300,41,4573,45730000.000000000000000,0,900,900,197.839273999562660,267.739019502698280,904719.000000000000000,11,80,6,80
,04166500,42,20600,206000000.000000000000000,0,900,900,347.868300970873800,253.897013341080990,7166087.000000000000000,11,463,3,463
,04167000,43,22977,229770000.000000000000000,0,900,900,231.328023675849750,292.561106862218590,5315224.000000000000000,11,463,7,80
,04168000,44,21783,217830000.000000000000000,0,900,900,191.388881237662390,282.615869571404690,4169024.000000000000000,11,3,7,80
,04174518,45,2633,26330000.000000000000000,0,900,900,331.044815799468270,303.471448629994540,871641.000000000000000,11,463,6,187
,05288705,46,7284,72840000.000000000000000,0,900,900,297.032125205930810,391.521234841110070,2163582.000000000000000,11,0,7,80
,05289800,47,41389,413890000.000000000000000,0,900,900,87.121119137935196,231.282925820977140,3605856.000000000000000,11,0,7,0
,05345000,48,33430,334300000.000000000000000,0,900,900,86.988363745139097,252.227181951886930,2908021.000000000000000,11,0,463,0
,05422600,49,14838,148380000.000000000000000,0,900,900,102.955654400862660,258.232547743603730,1527656.000000000000000,11,0,9,3
,05427948,50,4708,47080000.000000000000000,0,900,900,89.891461342395928,230.784240497505830,423209.000000000000000,11,3,463,6
,054310157,51,1114,11140000.000000000000000,0,900,900,120.966786355475760,252.065314145437360,134757.000000000000000,11,3,7,3
,05435935,52,2770,27700000.000000000000000,0,900,900,111.566064981949450,188.990235656036730,309038.000000000000000,11,3,9,9
,05435943,53,2448,24480000.000000000000000,0,900,900,91.239379084967325,222.874863886791080,223354.000000000000000,11,3,9,6
,05454090,54,2257,22570000.000000000000000,0,900,900,70.811696942844478,202.222056879374320,159822.000000000000000,11,0,463,3
,05484800,55,20185,201850000.000000000000000,0,900,900,92.026356205102800,247.501364919033700,1857552.000000000000000,11,3,7,3
,05527905,56,1398,13980000.000000000000000,0,900,900,65.236766809728181,127.039213726185220,91201.000000000000000,11,0,900,9
,05527950,57,14216,142160000.000000000000000,0,900,900,57.554023635340464,157.280359868290050,818188.000000000000000,11,3,900,6
,05529000,58,78666,786660000.000000000000000,0,900,900,113.453041974931990,238.474380789846350,8924897.000000000000000,11,3,7,9
,05529500,59,2201,22010000.000000000000000,0,900,900,323.696047251249410,237.847126609408830,712455.000000000000000,9,463,7,187
,05530000,60,3305,33050000.000000000000000,0,900,900,390.234190620272330,191.100481079517350,1289724.000000000000000,9,463,3,463
,05530990,61,7090,70900000.000000000000000,0,900,900,288.590126939351190,282.359522072590040,2046104.000000000000000,11,463,7,187
,05531000,62,504,5040000.000000000000000,0,900,900,463.517857142857170,322.324117904183080,233613.000000000000000,7,463,7,463
,05532000,63,4708,47080000.000000000000000,0,900,900,509.371070518266780,298.762813129210370,2398119.000000000000000,10,463,6,463
,05532500,64,51900,519000000.000000000000000,0,900,900,411.673892100192690,329.174192561671020,21365875.000000000000000,11,463,7,463
,05533000,65,4259,42590000.000000000000000,0,900,900,286.963841277295160,245.161861244495270,1222179.000000000000000,11,187,7,187
,05533400,66,3343,33430000.000000000000000,0,900,900,258.700867484295540,298.914837083644840,864837.000000000000000,11,187,7,187
,05534500,67,5164,51640000.000000000000000,0,900,900,163.833268783888460,280.356556701358610,846035.000000000000000,11,80,7,80
,05535000,68,3007,30070000.000000000000000,0,900,900,233.980379115397400,318.022599420320770,703579.000000000000000,11,80,7,80
,05535070,69,2158,21580000.000000000000000,0,900,900,249.294253938832240,248.720123413634980,537977.000000000000000,10,80,7,187
,05535500,70,2992,29920000.000000000000000,0,900,900,301.014037433155070,323.796335136564320,900634.000000000000000,11,80,7,187
,05536000,71,12154,121540000.000000000000000,0,900,900,311.569442158959990,279.363283481466680,3786815.000000000000000,11,463,9,187
,05536105,72,3511,35110000.000000000000000,0,900,900,437.903731130732010,257.605685319318410,1537480.000000000000000,10,463,11,463
,05536118,73,16774,167740000.000000000000000,0,900,900,487.362584952903320,208.047614143263980,8175020.000000000000000,11,463,11,463
,05536215,74,6517,65170000.000000000000000,0,900,900,272.060303820776430,303.612386268557830,1773017.000000000000000,11,0,9,187
,05536235,75,5934,59340000.000000000000000,0,900,900,94.797775530839232,196.781619959621140,562530.000000000000000,11,3,7,9
,05536255,76,6032,60320000.000000000000000,0,900,900,196.961870026525190,268.777777304282210,1188074.000000000000000,11,0,7,80
,05536270,77,4583,45830000.000000000000000,0,900,900,163.735980798603520,254.797326557677250,750402.000000000000000,11,0,7,17
,05536275,78,3778,37780000.000000000000000,0,900,900,187.547644256220220,282.403651954756530,708555.000000000000000,11,0,7,3
,05536290,79,29002,290020000.000000000000000,0,900,900,188.162023308737330,252.060841609700590,5457075.000000000000000,11,463,7,80
,05536340,80,3307,33070000.000000000000000,0,900,900,231.960991835500470,264.671571599227830,767095.000000000000000,11,0,7,187
,05536500,81,2908,29080000.000000000000000,0,900,900,166.557771664374140,226.486589306325700,484350.000000000000000,10,0,9,80
,05536995,82,85001,850010000.000000000000000,0,900,900,428.501735273702650,304.106235914771840,36423076.000000000000000,11,463,7,463
,05537500,83,5456,54560000.000000000000000,0,900,900,70.584677419354833,137.568583854571410,385110.000000000000000,11,80,463,17
,05537980,84,25380,253800000.000000000000000,0,900,900,206.142986603624910,314.559785591940510,5231909.000000000000000,11,0,7,17
,05539000,85,27804,278040000.000000000000000,0,900,900,118.632319090778310,245.939040098002520,3298453.000000000000000,11,0,7,9
,05539900,86,7177,71770000.000000000000000,0,900,900,237.677581162045410,270.361231456774530,1705812.000000000000000,11,463,7,187
,05540060,87,4871,48710000.000000000000000,0,900,900,218.987271607472790,357.217880986057420,1066687.000000000000000,11,0,9,3
,05540091,88,2061,20610000.000000000000000,0,900,900,169.370208636584180,210.603765196631090,349072.000000000000000,10,187,6,80
,05540095,89,9598,95980000.000000000000000,0,900,900,257.131589914565550,309.440076173114850,2467949.000000000000000,11,80,6,80
,05540130,90,8255,82550000.000000000000000,0,900,900,249.899697153240450,299.709844530420070,2062922.000000000000000,11,187,6,187
,05540160,91,6563,65630000.000000000000000,0,900,900,334.286606734724960,277.001132836998810,2193923.000000000000000,11,463,6,187
,05540195,92,2618,26180000.000000000000000,0,900,900,367.171886936592840,242.755474220243970,961256.000000000000000,10,463,7,463
,05540250,93,9464,94640000.000000000000000,0,900,900,246.459213863060030,274.849879154174180,2332490.000000000000000,11,0,6,187
,05540275,94,2468,24680000.000000000000000,0,900,900,157.016612641815240,304.568772335912510,387517.000000000000000,11,0,7,11
,05540500,95,29725,297250000.000000000000000,0,900,900,123.107249789739270,260.726570106599520,3659363.000000000000000,11,0,7,3
,05550500,96,9247,92470000.000000000000000,0,900,900,156.717097437006600,253.572666533312370,1449163.000000000000000,11,0,7,17
,05551200,97,13395,133950000.000000000000000,0,900,900,48.001567749160131,140.028822012408230,642981.000000000000000,11,3,463,6
,05551330,98,7256,72560000.000000000000000,0,900,900,80.498070562293279,214.570654091278980,584094.000000000000000,11,3,463,6
,05551675,99,14745,147450000.000000000000000,0,900,900,47.923296032553409,154.063192314160600,706629.000000000000000,11,3,7,3
,05551700,100,3492,34920000.000000000000000,0,900,900,19.212485681557848,76.696013238158613,67090.000000000000000,11,3,463,3
,05579725,101,6463,64630000.000000000000000,0,900,900,83.736654804270458,226.100476825422480,541190.000000000000000,11,3,9,3
,05580950,102,8829,88290000.000000000000000,0,900,900,284.016876203420570,319.763487974535170,2507585.000000000000000,11,0,7,187
,06892513,103,15073,150730000.000000000000000,0,900,900,129.977177735022880,301.400593997491630,1959146.000000000000000,11,0,463,3
,06893300,104,6881,68810000.000000000000000,0,900,900,258.765150414184010,388.076889934889040,1780563.000000000000000,11,0,7,6
,06893390,105,9874,98740000.000000000000000,0,900,900,161.182600769698180,321.552777873168740,1591517.000000000000000,11,0,463,3
,06893400,106,89,890000.000000000000000,0,900,900,400.876404494382030,433.063734578753500,35678.000000000000000,8,900,17,80
,06893500,107,30884,308840000.000000000000000,0,900,900,44.901729050641109,174.373328776929670,1386745.000000000000000,11,0,463,3
,06893557,108,3396,33960000.000000000000000,0,900,900,160.867785630153120,269.737951202875480,546307.000000000000000,11,80,7,80
,06893560,109,674,6740000.000000000000000,0,900,900,522.099406528189890,414.076585792682750,351895.000000000000000,9,900,6,900
,06893562,110,620,6200000.000000000000000,0,900,900,245.938709677419350,298.530151043753110,152482.000000000000000,9,0,7,80
,06893578,111,13609,136090000.000000000000000,0,900,900,219.960246895436850,335.431431505228370,2993439.000000000000000,11,0,7,17
,06893620,112,2438,24380000.000000000000000,0,900,900,173.878589007383110,290.023134251891120,423916.000000000000000,11,0,7,80
,06893970,113,2173,21730000.000000000000000,0,900,900,159.332719742291770,265.392245407652350,346230.000000000000000,11,80,7,17
,07164600,114,3020,30200000.000000000000000,0,900,900,370.916887417218560,224.092106579797700,1120169.000000000000000,7,463,7,463
,07165562,115,4652,46520000.000000000000000,0,900,900,211.735167669819450,285.680485875410400,984992.000000000000000,11,80,7,80
,07165565,116,1424,14240000.000000000000000,0,900,900,190.545646067415730,251.989902253611830,271337.000000000000000,11,187,6,80
,07177800,117,2165,21650000.000000000000000,0,900,900,427.438799076212490,250.181937622693990,925405.000000000000000,11,463,9,463
,04168580,118,2750,27500000.000000000000000,0,900,900,313.797818181818170,325.323962500547850,862944.000000000000000,11,80,6,187
,01451500,119,21227,212270000.000000000000000,0,900,900,83.786074339284866,183.207815521441230,1778527.000000000000000,11,80,463,17
,01451650,120,4174,41740000.000000000000000,0,900,900,216.078342117872550,260.112389268218290,901911.000000000000000,11,80,9,80
,01537500,121,4456,44560000.000000000000000,0,900,900,120.657540394973070,258.871896415456660,537650.000000000000000,11,0,9,3
,01569800,122,5970,59700000.000000000000000,0,900,900,123.905527638190960,241.644353172242550,739716.000000000000000,11,3,0,11
,01616000,123,4471,44710000.000000000000000,0,900,900,161.131961529859100,247.474801268655880,720421.000000000000000,11,80,7,80
,02423397,124,4391,43910000.000000000000000,0,900,900,98.535185606923250,189.860977266633820,432668.000000000000000,11,80,6,17
,02423630,125,18633,186330000.000000000000000,0,900,900,140.564536038211770,244.638618145599370,2619139.000000000000000,11,80,7,17
,02457000,126,5722,57220000.000000000000000,0,900,900,194.566759874169860,201.808119575208540,1113311.000000000000000,11,80,7,80
,02457595,127,7850,78500000.000000000000000,0,900,900,138.478598726114650,238.643556097427930,1087057.000000000000000,11,80,7,80
,02458300,128,6552,65520000.000000000000000,0,900,900,381.539987789987780,314.059899057247430,2499850.000000000000000,11,463,7,463
,02458450,129,1915,19150000.000000000000000,0,900,900,452.636031331592680,352.436457479573160,866798.000000000000000,10,900,6,463
,02458600,130,4925,49250000.000000000000000,0,900,900,184.968934010152280,246.003479091779520,910972.000000000000000,11,80,7,80
,02461500,131,13656,136560000.000000000000000,0,900,900,351.633128295254830,305.654122477258970,4801902.000000000000000,11,463,9,463
,02462000,132,24767,247670000.000000000000000,0,900,900,51.926959260306056,136.691804019548670,1286075.000000000000000,11,3,900,6
,03049658,133,4492,44920000.000000000000000,0,900,900,126.547417631344620,160.513750336863410,568451.000000000000000,11,80,3,80
,03049676,134,2210,22100000.000000000000000,0,900,900,108.950678733031680,159.795035040270340,240781.000000000000000,9,80,7,80
,03049807,135,15395,153950000.000000000000000,0,900,900,111.203052939266000,161.304455396387080,1711971.000000000000000,11,80,9,80
,03084000,136,1135,11350000.000000000000000,0,900,900,220.851982378854610,208.936984646899930,250667.000000000000000,11,80,6,187
,03084698,137,30305,303050000.000000000000000,0,900,900,124.678435901666390,197.133981204114040,3778380.000000000000000,11,80,7,80
,03084800,138,4003,40030000.000000000000000,0,900,900,286.592555583312500,234.957628731362550,1147230.000000000000000,10,463,7,187
,03085049,139,1587,15870000.000000000000000,0,900,900,390.361058601134230,232.249531887617250,619503.000000000000000,5,463,80,463
,03085213,140,4667,46670000.000000000000000,0,900,900,379.218984358260120,190.598238431648300,1769815.000000000000000,8,463,9,463
,03085956,141,6713,67130000.000000000000000,0,900,900,184.783852227022210,318.772336282344040,1240454.000000000000000,11,0,6,17
,03491544,142,1247,12470000.000000000000000,0,900,900,141.803528468323980,222.315345765177110,176829.000000000000000,11,80,11,80
,03535400,143,22498,224980000.000000000000000,0,900,900,83.538092274868873,152.087589839961370,1879440.000000000000000,11,80,463,80
,03538250,144,5045,50450000.000000000000000,0,900,900,177.235084241823590,276.556650990630600,894151.000000000000000,11,0,6,80
,06918493,145,3978,39780000.000000000000000,0,900,900,132.702865761689280,308.805440524237040,527892.000000000000000,11,3,463,3
,07019072,146,1007,10070000.000000000000000,0,900,900,143.985104270109250,323.317812563917130,144993.000000000000000,11,0,463,3
,07019150,147,1320,13200000.000000000000000,0,900,900,144.446969696969690,287.119266064405220,190670.000000000000000,11,80,463,17
,07019175,148,1322,13220000.000000000000000,0,900,900,114.242057488653560,262.448332991212910,151028.000000000000000,11,3,463,9
,07019185,149,3003,30030000.000000000000000,0,900,900,135.645687645687640,297.405239464199040,407344.000000000000000,11,3,463,6
,07019195,150,653,6530000.000000000000000,0,900,900,251.205206738131690,393.233457466298320,164037.000000000000000,11,3,463,3
,07019220,151,1115,11150000.000000000000000,0,900,900,204.917488789237670,356.848412641076720,228483.000000000000000,11,3,463,7
,07048480,152,223,2230000.000000000000000,0,900,900,384.412556053811670,349.892949963662090,85724.000000000000000,8,80,7,187
,07048490,153,343,3430000.000000000000000,0,900,900,341.781341107871700,284.872876362126080,117231.000000000000000,7,463,11,187
,07052000,154,5031,50310000.000000000000000,0,900,900,391.037964619359970,408.162765477686260,1967312.000000000000000,11,900,9,187
,07052100,155,4112,41120000.000000000000000,0,900,900,188.021157587548630,337.897705276826060,773143.000000000000000,11,0,7,6
,07052120,156,2733,27330000.000000000000000,0,900,900,304.019758507135010,400.971121251831790,830886.000000000000000,11,900,463,80
,07052152,157,1205,12050000.000000000000000,0,900,900,88.452282157676350,258.370229561839040,106585.000000000000000,10,0,7,0
,07195000,158,33596,335960000.000000000000000,0,900,900,62.563102750327417,174.100449341616500,2101870.000000000000000,11,3,463,6
,07263580,159,4987,49870000.000000000000000,0,900,900,226.334068578303600,260.336505966471520,1128728.000000000000000,11,463,9,80
,010965852,160,12334,123340000.000000000000000,0,900,900,94.146424517593644,166.467459026238150,1161202.000000000000000,11,80,7,80
,01097300,161,3090,30900000.000000000000000,0,900,900,86.425242718446597,196.326154585820920,267054.000000000000000,11,80,463,17
,01097380,162,9144,91440000.000000000000000,0,900,900,101.506561679790020,161.462306777387650,928176.000000000000000,11,80,3,80
,01100600,163,9655,96550000.000000000000000,0,900,900,235.831900569653020,291.928433830943450,2276957.000000000000000,11,187,7,187
,01100627,164,9735,97350000.000000000000000,0,900,900,181.986029789419630,243.847915442062540,1771634.000000000000000,11,80,7,80
,01102500,165,5953,59530000.000000000000000,0,900,900,346.462287922056130,299.102076285403430,2062490.000000000000000,7,463,11,187
,01103025,166,2161,21610000.000000000000000,0,900,900,406.534474780194330,251.057385972198350,878521.000000000000000,6,463,17,463
,01103280,167,16950,169500000.000000000000000,0,900,900,124.371622418879060,217.102934159517050,2108099.000000000000000,11,80,6,80
,01103500,168,30423,304230000.000000000000000,0,900,900,95.527890083160770,158.213781636252660,2906245.000000000000000,11,80,3,80
,01104200,169,7515,75150000.000000000000000,0,900,900,245.189886892880910,276.284157103854450,1842602.000000000000000,11,463,3,80
,01105600,170,1269,12690000.000000000000000,0,900,900,241.643026004728140,284.689397460845900,306645.000000000000000,11,187,3,187
,01105638,171,3812,38120000.000000000000000,0,900,900,116.932056663168940,201.804460411669420,445745.000000000000000,11,0,3,80
,01105730,172,7942,79420000.000000000000000,0,900,900,129.074666330899020,181.981331672146210,1025111.000000000000000,11,80,7,80
,01105933,173,6829,68290000.000000000000000,0,900,900,119.290086396251280,237.071880734031140,814632.000000000000000,11,0,7,17
,01106500,174,10473,104730000.000000000000000,0,900,900,236.064260479327800,254.968034713277660,2472301.000000000000000,11,80,7,80
,01108320,175,5807,58070000.000000000000000,0,900,900,74.488376097812989,124.439561935575210,432554.000000000000000,11,80,7,80
,01108410,176,6667,66670000.000000000000000,0,900,900,84.917054147292632,163.283329820749460,566142.000000000000000,11,80,6,17
,01108500,177,5182,51820000.000000000000000,0,900,900,86.750868390582781,183.337332935322190,449543.000000000000000,11,0,3,17
,01109000,178,6110,61100000.000000000000000,0,900,900,107.010310965630110,200.483400405214350,653833.000000000000000,11,80,463,80
,01109060,179,10504,105040000.000000000000000,0,900,900,116.856435643564350,212.773561092929610,1227460.000000000000000,11,80,3,80
,01110000,180,6612,66120000.000000000000000,0,900,900,197.906684815486980,251.545502765131660,1308559.000000000000000,11,80,7,80
,01114000,181,6040,60400000.000000000000000,0,900,900,275.622847682119190,295.541999247218710,1664762.000000000000000,11,463,6,80
,01116905,182,4084,40840000.000000000000000,0,900,900,88.534035259549455,216.036299565480140,361573.000000000000000,11,17,463,17
,01117000,183,1890,18900000.000000000000000,0,900,900,196.555026455026450,259.575464124142230,371489.000000000000000,10,80,7,80
,01189000,184,11648,116480000.000000000000000,0,900,900,122.492702609890120,183.069746422680590,1426795.000000000000000,11,80,900,80
,01195490,185,4776,47760000.000000000000000,0,900,900,191.319932998324960,222.532269102607470,913744.000000000000000,11,80,7,80
,01196500,186,23813,238130000.000000000000000,0,900,900,149.088943014319910,217.385248693231720,3550255.000000000000000,11,80,7,80
,01201487,187,15546,155460000.000000000000000,0,900,900,163.265856168789410,218.152107998383370,2538131.000000000000000,11,80,7,80
,01300000,188,2427,24270000.000000000000000,0,900,900,169.232385661310250,259.634349500720250,410727.000000000000000,11,80,7,80
,01300500,189,1170,11700000.000000000000000,0,900,900,213.134188034188040,208.541426191574520,249367.000000000000000,10,80,6,80
,01301000,190,5781,57810000.000000000000000,0,900,900,224.253416363950860,253.423091696721400,1296409.000000000000000,11,80,3,80
,01356190,191,4078,40780000.000000000000000,0,900,900,164.858999509563520,199.251272576916930,672295.000000000000000,8,80,9,80
,01376500,192,6246,62460000.000000000000000,0,900,900,253.951809157861020,277.861503502754940,1586183.000000000000000,11,463,7,187
,01377370,193,3542,35420000.000000000000000,0,900,900,258.722473178994900,205.514478979796880,916395.000000000000000,10,187,3,187
,01391000,194,4243,42430000.000000000000000,0,900,900,190.523450388875800,179.861956662106680,808391.000000000000000,11,80,7,187
,01391500,195,10430,104300000.000000000000000,0,900,900,232.918696069031630,210.543650278294510,2429342.000000000000000,8,80,9,187
,03098500,196,17451,174510000.000000000000000,0,900,900,106.377915305713150,186.189321676369870,1856401.000000000000000,11,80,900,17
,03098700,197,3267,32670000.000000000000000,0,900,900,113.527701254973980,157.044183258300710,370895.000000000000000,11,80,3,80
,03115973,198,903,9030000.000000000000000,0,900,900,206.788482834994450,269.868202523671070,186730.000000000000000,11,80,6,80
,03118500,199,45392,453920000.000000000000000,0,900,900,153.478608565385970,242.397546448138200,6966701.000000000000000,11,80,0,80
,03130500,200,1215,12150000.000000000000000,0,900,900,231.517695473251020,283.306984060990710,281294.000000000000000,10,80,6,80
,04206043,201,6700,67000000.000000000000000,0,900,900,154.535820895522390,233.114719181249910,1035390.000000000000000,11,80,6,80
,04207200,202,22240,222400000.000000000000000,0,900,900,143.192715827338130,247.312874542686790,3184606.000000000000000,11,80,7,80
,04208460,203,4681,46810000.000000000000000,0,900,900,383.168980986968620,257.884168281773840,1793614.000000000000000,11,463,9,463
,04216200,204,3958,39580000.000000000000000,0,900,900,362.902475997978800,276.950548756866450,1436368.000000000000000,11,463,9,463
,04240100,205,2598,25980000.000000000000000,0,900,900,133.203233256351040,162.066491326224370,346062.000000000000000,11,80,3,80
,04240120,206,7583,75830000.000000000000000,0,900,900,330.369115125939630,344.271193012464100,2505189.000000000000000,11,463,6,187
,04282813,207,1778,17780000.000000000000000,0,900,900,194.510686164229470,287.312206282741730,345840.000000000000000,11,80,7,80
,04292770,208,339,3390000.000000000000000,0,900,900,136.716814159292030,239.933992976653120,46347.000000000000000,11,3,9,3
,01302500,209,3051,30510000.000000000000000,0,900,900,185.795476892822020,214.104492371707780,566862.000000000000000,11,80,7,80
,01303500,210,1908,19080000.000000000000000,0,900,900,118.068134171907760,142.280352515842140,225274.000000000000000,7,80,3,80
,01304000,211,5792,57920000.000000000000000,0,900,900,259.294371546961320,238.991196430083900,1501833.000000000000000,7,187,11,187
,01305000,212,19014,190140000.000000000000000,0,900,900,168.404701798674670,190.864639893109090,3202047.000000000000000,11,80,7,80
,01305500,213,2132,21320000.000000000000000,0,900,900,221.362570356472790,230.240239502299430,471945.000000000000000,11,80,7,187
,01306000,214,3627,36270000.000000000000000,0,900,900,252.020402536531580,249.868982757584350,914078.000000000000000,10,80,7,187
,01306440,215,4136,41360000.000000000000000,0,900,900,277.441972920696340,223.467523502463790,1147500.000000000000000,9,463,11,187
,01306460,216,1391,13910000.000000000000000,0,900,900,292.358734723220720,287.468396651869850,406671.000000000000000,7,463,11,187
,01306500,217,1654,16540000.000000000000000,0,900,900,214.160822249093120,309.248210008985550,354222.000000000000000,9,0,11,0
,01307000,218,1403,14030000.000000000000000,0,900,900,364.839629365645070,284.596908821525740,511870.000000000000000,8,463,7,463
,01307500,219,1118,11180000.000000000000000,0,900,900,417.293381037567090,250.183263367572950,466534.000000000000000,6,463,17,463
,01308000,220,5830,58300000.000000000000000,0,900,900,286.712692967409960,267.241734628774400,1671535.000000000000000,10,463,9,187
,01308500,221,9401,94010000.000000000000000,0,900,900,252.709392617806630,223.456264310094010,2375721.000000000000000,11,80,3,187
,01309000,222,993,9930000.000000000000000,0,900,900,310.373615307150030,328.221261904349600,308201.000000000000000,11,463,17,187
,01309500,223,9426,94260000.000000000000000,0,900,900,335.536176532993860,297.960900264695910,3162764.000000000000000,11,463,11,187
,01309950,224,3785,37850000.000000000000000,0,900,900,447.547688243064730,193.232627986150020,1693968.000000000000000,7,463,11,463
,01310000,225,210,2100000.000000000000000,0,900,900,464.547619047619040,233.248181984539710,97555.000000000000000,5,463,80,463
,01310500,226,7790,77900000.000000000000000,0,900,900,315.340179717586640,289.229966675436740,2456500.000000000000000,11,463,6,187
,01311000,227,2634,26340000.000000000000000,0,900,900,379.973044798785110,258.221914213969800,1000849.000000000000000,11,463,7,463
,01311500,228,1812,18120000.000000000000000,0,900,900,441.065673289183220,152.383410332011640,799211.000000000000000,5,463,80,463
,01311810,229,3359,33590000.000000000000000,0,900,900,464.308722834176820,191.679933845786390,1559613.000000000000000,10,463,7,463
,01405500,230,24584,245840000.000000000000000,0,900,900,79.829808005206644,161.901284830614260,1962536.000000000000000,11,80,900,17
,01406050,231,4053,40530000.000000000000000,0,900,900,85.693560325684672,163.906076534627600,347316.000000000000000,11,80,900,17
,01407290,232,1695,16950000.000000000000000,0,900,900,74.981710914454283,157.394572914422550,127094.000000000000000,11,80,463,17
,01407760,233,1635,16350000.000000000000000,0,900,900,144.974311926605510,186.412604935827230,237033.000000000000000,11,80,7,80
,01408120,234,9158,91580000.000000000000000,0,900,900,98.968661279755409,160.879795447694140,906355.000000000000000,11,80,900,80
,01467081,235,2326,23260000.000000000000000,0,900,900,358.340068787618240,303.523321524385720,833499.000000000000000,11,463,7,187
,01467150,236,4699,46990000.000000000000000,0,900,900,234.029367950627800,254.508579700869970,1099704.000000000000000,11,80,3,80
,01475000,237,1563,15630000.000000000000000,0,900,900,124.929622520793340,150.442219239812890,195265.000000000000000,11,80,900,80
,02233200,238,6861,68610000.000000000000000,0,900,900,130.824806879463640,190.911778852817240,897589.000000000000000,11,0,7,80
,02233475,239,12039,120390000.000000000000000,0,900,900,119.164631613921420,205.547303484162820,1434623.000000000000000,11,80,7,17
,02234308,240,5918,59180000.000000000000000,0,900,900,281.735214599526840,272.633832277677070,1667309.000000000000000,11,463,7,187
,02234324,241,2608,26080000.000000000000000,0,900,900,230.118481595092020,229.703810678068070,600149.000000000000000,11,463,6,187
,02234344,242,6229,62290000.000000000000000,0,900,900,115.745545031305180,208.884574351411970,720979.000000000000000,11,80,7,17
,02234384,243,4642,46420000.000000000000000,0,900,900,164.419862128392940,247.852396750375590,763237.000000000000000,11,80,6,80
,02234400,244,4270,42700000.000000000000000,0,900,900,177.352224824355970,230.429801171384700,757294.000000000000000,11,80,3,80
,02234990,245,10778,107780000.000000000000000,0,900,900,269.432918908888500,281.335443630334050,2903948.000000000000000,11,463,7,187
,02235000,246,33857,338570000.000000000000000,0,900,900,67.248013704699176,155.562496438832080,2276816.000000000000000,11,0,900,6
,02240954,247,9468,94680000.000000000000000,0,900,900,146.826890578791730,184.496635698422980,1390157.000000000000000,11,80,7,80
,02246459,248,5610,56100000.000000000000000,0,900,900,230.587878787878790,285.984490677964400,1293598.000000000000000,11,80,7,80
,02246828,249,6382,63820000.000000000000000,0,900,900,126.161078031964910,263.999454078314840,805160.000000000000000,11,0,6,7
,02262900,250,21007,210070000.000000000000000,0,900,900,201.604512781453790,312.769979596388510,4235106.000000000000000,11,0,9,3
,02263800,251,27085,270850000.000000000000000,0,900,900,171.669115746723290,300.350249951521390,4649658.000000000000000,11,0,7,9
,02264000,252,6923,69230000.000000000000000,0,900,900,33.413837931532569,100.838288581640800,231324.000000000000000,11,0,463,6
,02264100,253,4216,42160000.000000000000000,0,900,900,117.230075901328280,300.277801811132120,494242.000000000000000,11,0,463,0
,02293055,254,19079,190790000.000000000000000,0,900,900,33.153309921903663,122.966065272837820,632532.000000000000000,11,0,900,3
,02293190,255,1290,12900000.000000000000000,0,900,900,251.616279069767440,256.421311891886720,324585.000000000000000,10,80,6,187
,02299861,256,1403,14030000.000000000000000,0,900,900,272.242337847469680,276.586204360804910,381956.000000000000000,11,187,11,187
,02301738,257,761,7610000.000000000000000,0,900,900,130.320630749014440,274.462479732075000,99174.000000000000000,11,80,463,17
,02301750,258,3593,35930000.000000000000000,0,900,900,246.421374895630380,315.848888659011720,885392.000000000000000,11,80,3,80
,02303205,259,5731,57310000.000000000000000,0,900,900,128.462746466585230,226.790203349008750,736220.000000000000000,11,80,7,80
,02303300,260,9427,94270000.000000000000000,0,900,900,76.372440861355685,144.138230773092770,719963.000000000000000,11,80,900,17
,02303350,261,4222,42220000.000000000000000,0,900,900,46.550450023685457,181.920694192281100,196536.000000000000000,11,0,463,0
,02306500,262,1362,13620000.000000000000000,0,900,900,260.124082232011740,269.367898297047020,354289.000000000000000,11,187,7,187
,02306647,263,2835,28350000.000000000000000,0,900,900,300.981305114638470,323.475203702915000,853282.000000000000000,11,187,3,187
,02306950,264,4197,41970000.000000000000000,0,900,900,94.948772933047408,150.153470838684400,398500.000000000000000,11,80,7,80
,02307000,265,6514,65140000.000000000000000,0,900,900,80.365059871046981,167.007654405330530,523498.000000000000000,11,80,463,17
,02307668,266,767,7670000.000000000000000,0,900,900,407.992177314211230,324.828595765831440,312930.000000000000000,10,463,3,463
,02307671,267,442,4420000.000000000000000,0,900,900,355.142533936651600,288.361457831676830,156973.000000000000000,9,463,9,463
,02307697,268,955,9550000.000000000000000,0,900,900,261.680628272251280,247.158900477949940,249905.000000000000000,11,463,7,187
,02308935,269,675,6750000.000000000000000,0,900,900,464.549629629629640,246.655558570928830,313571.000000000000000,5,463,0,463
,02309415,270,116,1160000.000000000000000,0,900,900,395.198275862068950,325.713149127063560,45843.000000000000000,5,80,0,463
,02309421,271,686,6860000.000000000000000,0,900,900,351.265306122448980,275.248702049634230,240968.000000000000000,8,187,3,187
,02309848,272,2355,23550000.000000000000000,0,900,900,71.003821656050960,209.426643198426350,167214.000000000000000,10,3,187,6
,02310525,273,8484,84840000.000000000000000,0,900,900,71.787718057520038,167.133255423300170,609047.000000000000000,11,80,463,17
,08068325,274,10547,105470000.000000000000000,0,900,900,50.062102967668530,166.644510107267760,528005.000000000000000,11,3,463,7
,08069000,275,72679,726790000.000000000000000,0,900,900,47.936308975082213,151.337153674810030,3483963.000000000000000,11,3,463,3
,08072760,276,4910,49100000.000000000000000,0,900,900,45.501221995926677,151.534031918457030,223411.000000000000000,11,3,463,3
,08074020,277,10435,104350000.000000000000000,0,900,900,233.187829420220420,312.072829129384560,2433315.000000000000000,11,80,9,80
,08074150,278,2259,22590000.000000000000000,0,900,900,437.498007968127470,412.330539723834930,988308.000000000000000,11,900,7,187
,08074500,279,11952,119520000.000000000000000,0,900,900,378.770247657295840,300.642732550693380,4527062.000000000000000,11,463,6,463
,08074760,280,4223,42230000.000000000000000,0,900,900,224.074117925645280,280.889413066741890,946265.000000000000000,11,80,7,80
,08075000,281,22203,222030000.000000000000000,0,900,900,384.926091068774500,279.257133928965910,8546514.000000000000000,11,463,7,463
,08075400,282,5040,50400000.000000000000000,0,900,900,211.105357142857140,251.466197772373900,1063971.000000000000000,11,80,6,80
,08075500,283,11172,111720000.000000000000000,0,900,900,232.030522735409960,276.946558745509380,2592245.000000000000000,11,80,7,80
,08075605,284,1294,12940000.000000000000000,0,900,900,373.324574961360100,254.354244446787280,483082.000000000000000,6,463,17,463
,08075730,285,2389,23890000.000000000000000,0,900,900,330.014231896190890,264.885159978069680,788404.000000000000000,11,463,3,187
,08075763,286,2344,23440000.000000000000000,0,900,900,463.119027303754250,247.548412708602800,1085551.000000000000000,6,463,17,463
,08075770,287,2436,24360000.000000000000000,0,900,900,465.762725779967180,338.465601509781210,1134598.000000000000000,7,900,11,463
,08075900,288,8324,83240000.000000000000000,0,900,900,195.359082172032690,277.924128070748960,1626169.000000000000000,11,80,7,80
,08076000,289,7102,71020000.000000000000000,0,900,900,302.270205575894120,377.521281526699910,2146723.000000000000000,11,900,9,80
,08076500,290,7479,74790000.000000000000000,0,900,900,266.743414895039450,267.550973237392500,1994974.000000000000000,11,187,6,187
,08076997,291,8479,84790000.000000000000000,0,900,900,57.449227503243307,187.386411367120700,487112.000000000000000,11,0,463,3
,08077000,292,361,3610000.000000000000000,0,900,900,201.232686980609430,345.964349172454890,72645.000000000000000,9,3,7,6
,08116400,293,2475,24750000.000000000000000,0,900,900,127.695757575757580,220.512743080280330,316047.000000000000000,11,3,7,11
,02300042,294,16747,167470000.000000000000000,0,900,900,50.945900758344777,183.847222165235540,853191.000000000000000,11,0,463,3
,01393450,295,4575,45750000.000000000000000,0,900,900,439.263169398907110,229.036297571488550,2009629.000000000000000,6,463,17,463
,01393500,296,388,3880000.000000000000000,3,900,897,466.608247422680390,104.281593071977450,181044.000000000000000,6,463,3,463
,01394500,297,6649,66490000.000000000000000,0,900,900,284.592720709881180,228.487536272477680,1892257.000000000000000,10,463,7,187
,01395000,298,4362,43620000.000000000000000,0,900,900,331.121733149931230,239.934736445673480,1444353.000000000000000,10,463,6,463
,01396000,299,5262,52620000.000000000000000,0,900,900,238.169137210186250,200.311606108075810,1253246.000000000000000,10,463,6,187
,01402600,300,160,1600000.000000000000000,0,463,463,317.237500000000010,176.499592333098600,50758.000000000000000,6,463,0,463
,01403400,301,1631,16310000.000000000000000,0,900,900,101.546290619251990,177.207804342012220,165622.000000000000000,11,0,11,80
,01403500,302,1513,15130000.000000000000000,0,900,900,350.348975545274300,227.256716429972130,530078.000000000000000,11,463,3,463
,01403900,303,9293,92930000.000000000000000,0,900,900,300.128699020768290,264.965518381001120,2789096.000000000000000,11,463,9,187
,01405000,304,8443,84430000.000000000000000,0,900,900,131.626199218287330,244.797260924031180,1111320.000000000000000,11,80,7,17
,01465798,305,5471,54710000.000000000000000,0,900,900,327.237250959605210,290.952504554372470,1790315.000000000000000,11,463,9,187
,01467042,306,9828,98280000.000000000000000,0,900,900,261.320919820919810,246.703597501610350,2568262.000000000000000,11,463,6,187
,01467048,307,3126,31260000.000000000000000,0,900,900,360.376519513755620,229.492693349644700,1126537.000000000000000,6,463,9,463
,01467086,308,4184,41840000.000000000000000,0,900,900,318.370936902485650,197.154076794360380,1332064.000000000000000,11,463,7,463
,01467087,309,3521,35210000.000000000000000,0,900,900,453.640727066174410,241.631988271927720,1597269.000000000000000,6,463,17,463
,01473120,310,13806,138060000.000000000000000,0,900,900,94.735622193249313,161.561581599018410,1307920.000000000000000,11,80,900,80
,01473169,311,5420,54200000.000000000000000,0,900,900,156.999261992619920,262.956268724379240,850936.000000000000000,11,80,7,80
,01473900,312,10471,104710000.000000000000000,0,900,900,184.748830102186990,220.720569076649700,1934505.000000000000000,11,80,7,80
,01474000,313,6028,60280000.000000000000000,0,900,900,210.129727936297290,210.735741737165310,1266662.000000000000000,11,463,7,187
,01475510,314,9808,98080000.000000000000000,0,900,900,232.898858075040780,198.285564621730150,2284272.000000000000000,11,80,7,187
,01475530,315,1477,14770000.000000000000000,0,900,900,342.571428571428560,187.675001995268360,505978.000000000000000,10,463,6,463
,01475548,316,3604,36040000.000000000000000,0,900,900,375.004162042175380,213.592572819345690,1351515.000000000000000,9,463,7,463
,01475550,317,537,5370000.000000000000000,0,900,900,382.782122905027960,246.344422513481500,205554.000000000000000,5,463,187,463
,01477000,318,15732,157320000.000000000000000,0,900,900,108.566107297228580,176.259578805802960,1707962.000000000000000,11,80,7,80
,01477800,319,1897,18970000.000000000000000,0,900,900,263.778597785977870,206.548176435319760,500388.000000000000000,8,463,11,187
,01478000,320,5402,54020000.000000000000000,0,900,900,144.452795261014440,231.570489500128360,780334.000000000000000,11,80,7,80
,01581500,321,2173,21730000.000000000000000,0,900,900,111.794753796594560,164.859988093752150,242930.000000000000000,11,80,3,80
,01581752,322,656,6560000.000000000000000,0,900,900,237.318597560975600,275.615166748739740,155681.000000000000000,11,80,9,80
,01583600,323,5380,53800000.000000000000000,0,900,900,160.038289962825270,284.419515180768030,861006.000000000000000,11,80,6,17
,0158397967,324,579,5790000.000000000000000,0,900,900,254.632124352331600,241.148800057988440,147432.000000000000000,6,80,0,187
,01585090,325,699,6990000.000000000000000,0,900,900,316.507868383404850,228.479588425784500,221239.000000000000000,11,463,7,463
,01585095,326,343,3430000.000000000000000,0,900,900,253.927113702623900,167.072069240315300,87097.000000000000000,8,187,900,187
,01585100,327,948,9480000.000000000000000,0,900,900,211.363924050632900,281.164282664433020,200373.000000000000000,11,80,7,80
,01585104,328,602,6020000.000000000000000,0,900,900,75.297342192691033,138.534005658657950,45329.000000000000000,11,80,900,17
,01585200,329,608,6080000.000000000000000,0,900,900,363.174342105263180,210.492872112319960,220810.000000000000000,5,463,0,463
,01585230,330,918,9180000.000000000000000,0,900,900,421.816993464052300,133.695917353098910,387228.000000000000000,6,463,17,463
,01585300,331,1162,11620000.000000000000000,0,900,900,276.702237521514630,243.774152295068770,321528.000000000000000,10,463,6,187
,01585400,332,505,5050000.000000000000000,0,900,900,388.384158415841570,318.060164534786910,196134.000000000000000,7,463,9,463
,01589100,333,650,6500000.000000000000000,0,900,900,351.201538461538460,267.844767322881470,228281.000000000000000,9,463,3,463
,01589197,334,1069,10690000.000000000000000,0,900,900,192.060804490177730,181.393176855257680,205313.000000000000000,10,80,6,187
,01589290,335,874,8740000.000000000000000,0,900,900,325.043478260869560,170.158569026285990,284088.000000000000000,9,463,7,463
,01589300,336,6531,65310000.000000000000000,0,900,900,172.576175164599590,230.791678986478160,1127095.000000000000000,11,80,9,80
,01589305,337,922,9220000.000000000000000,0,900,900,424.521691973969610,251.805334175124500,391409.000000000000000,5,463,80,463
,01589312,338,203,2030000.000000000000000,0,900,900,333.600985221674880,203.606723685795340,67721.000000000000000,5,463,80,463
,01589317,339,125,1250000.000000000000000,0,900,900,385.048000000000000,414.162264934892390,48131.000000000000000,11,900,7,80
,01589330,340,1103,11030000.000000000000000,0,900,900,325.698096101541240,306.483048454606770,359245.000000000000000,9,463,11,187
,01589352,341,5114,51140000.000000000000000,0,900,900,354.108330074305850,247.546639393938140,1810910.000000000000000,10,463,11,463
,01589500,342,1256,12560000.000000000000000,0,900,900,186.273885350318470,297.009945070684980,233960.000000000000000,11,0,6,80
,01593500,343,9812,98120000.000000000000000,0,900,900,148.329086832450060,204.178332137805030,1455405.000000000000000,11,80,7,80
,01594400,344,3094,30940000.000000000000000,0,900,900,219.989334195216540,361.976768874636380,680647.000000000000000,11,0,463,17
,01594500,345,7902,79020000.000000000000000,0,900,900,120.096810933940770,212.438118772794780,949005.000000000000000,11,0,7,17
,01594526,346,15478,154780000.000000000000000,0,900,900,109.912197958392550,223.745209050980410,1701221.000000000000000,11,0,7,11
,01644371,347,115,1150000.000000000000000,0,463,463,43.982608695652175,70.359571223536634,5058.000000000000000,6,17,463,17
,01644375,348,332,3320000.000000000000000,0,900,900,95.879518072289159,203.826313823796230,31832.000000000000000,11,80,187,17
,01644600,349,13910,139100000.000000000000000,0,900,900,107.812580877066860,195.607770879986820,1499673.000000000000000,11,0,7,17
,01645200,350,969,9690000.000000000000000,0,900,900,287.595459236326120,338.648521134958400,278680.000000000000000,11,0,6,187
,01645704,351,1428,14280000.000000000000000,0,900,900,171.525210084033600,279.697635978094350,244938.000000000000000,11,80,11,80
,01646000,352,13580,135800000.000000000000000,0,900,900,141.619587628865990,183.032692780918440,1923194.000000000000000,11,80,6,80
,01646305,353,540,5400000.000000000000000,0,900,900,284.483333333333350,215.745532763502180,153621.000000000000000,5,187,0,187
,01646550,354,1058,10580000.000000000000000,0,900,900,347.580340264650260,234.326040915054790,367740.000000000000000,5,463,80,463
,01647850,355,710,7100000.000000000000000,0,900,900,369.192957746478900,165.252451196534450,262127.000000000000000,7,463,11,463
,01649190,356,3399,33990000.000000000000000,0,900,900,148.117387466902020,181.383522943866950,503451.000000000000000,8,80,7,80
,01649500,357,15414,154140000.000000000000000,0,900,900,201.244388218502650,283.698453983958700,3101981.000000000000000,11,0,7,80
,01650800,358,1672,16720000.000000000000000,0,900,900,371.763157894736820,217.779818093814810,621588.000000000000000,6,463,17,463
,01651000,359,11110,111100000.000000000000000,0,900,900,207.960306030603050,215.163771902753890,2310439.000000000000000,11,463,6,80
,01651800,360,859,8590000.000000000000000,0,900,900,331.003492433061690,195.432474633746470,284332.000000000000000,8,463,6,463
,01652500,361,3469,34690000.000000000000000,0,900,900,407.477082732776010,183.388247133046520,1413538.000000000000000,8,463,9,463
,01653500,362,4485,44850000.000000000000000,0,900,900,273.673801560758080,258.113826303918420,1227427.000000000000000,11,463,3,187
,01654000,363,6039,60390000.000000000000000,0,900,900,297.267925153171060,246.315276658460680,1795201.000000000000000,11,187,6,187
,01656903,364,1086,10860000.000000000000000,0,900,900,85.871086556169431,159.139907266603250,93256.000000000000000,11,80,900,17
,01657000,365,37164,371640000.000000000000000,0,900,900,82.285975675384776,213.800728351461370,3058076.000000000000000,11,3,7,3
,01673500,366,1515,15150000.000000000000000,0,900,900,89.059405940594061,198.609224845439880,134925.000000000000000,10,80,0,17
,02038000,367,8800,88000000.000000000000000,0,900,900,92.523181818181811,160.230509122053260,814204.000000000000000,11,80,463,80
,0208675010,368,1562,15620000.000000000000000,0,900,900,255.745838668373890,287.976189283209580,399475.000000000000000,11,80,6,80
,02086849,369,4157,41570000.000000000000000,0,900,900,253.825114265095010,277.981423560310020,1055151.000000000000000,11,80,7,80
,0208732885,370,1790,17900000.000000000000000,0,900,900,348.836871508379890,316.780399383844380,624418.000000000000000,11,187,7,187
,0208735012,371,314,3140000.000000000000000,0,900,900,335.302547770700640,369.829562474571620,105285.000000000000000,6,0,3,187
,02093877,372,1379,13790000.000000000000000,0,900,900,140.638143582306010,309.061925349883890,193940.000000000000000,11,3,463,3
,0209399200,373,4114,41140000.000000000000000,0,900,900,171.455517744287790,275.183998355351210,705368.000000000000000,11,80,9,80
,02094659,374,1927,19270000.000000000000000,0,900,900,326.716658017644020,326.123614577501540,629583.000000000000000,11,80,7,187
,02094770,375,2133,21330000.000000000000000,0,900,900,351.426160337552740,290.966596133910120,749592.000000000000000,9,463,7,187
,02094775,376,979,9790000.000000000000000,0,900,900,286.533197139938690,283.760972926102510,280516.000000000000000,11,187,9,187
,02095000,377,3847,38470000.000000000000000,0,900,900,303.376137249805030,317.445903125766280,1167088.000000000000000,11,463,9,187
,02095181,378,2485,24850000.000000000000000,0,900,900,327.029778672032190,258.622037864849230,812669.000000000000000,7,463,11,187
,02095271,379,1285,12850000.000000000000000,0,900,900,445.971984435797650,307.731090593478880,573074.000000000000000,7,463,11,463
,02095500,380,5839,58390000.000000000000000,0,900,900,242.675971912998790,265.273379569738670,1416985.000000000000000,11,80,7,187
,0209722970,381,1211,12110000.000000000000000,0,900,900,245.529314616019830,290.994422081170400,297336.000000000000000,11,0,9,187
,02097280,382,3841,38410000.000000000000000,0,900,900,220.084873730799270,235.736467140538200,845346.000000000000000,11,80,6,187
,0209741955,383,5487,54870000.000000000000000,0,900,900,126.537087661745940,263.371637271126530,694309.000000000000000,11,0,7,9
,02099000,384,3765,37650000.000000000000000,0,900,900,277.643027888446230,406.514358377324070,1045326.000000000000000,11,900,463,9
,02115860,385,47328,473280000.000000000000000,0,900,900,148.570381169709260,216.378649955032500,7031539.000000000000000,11,80,7,80
,0212414900,386,9286,92860000.000000000000000,0,900,900,97.194378634503551,228.871133880185140,902547.000000000000000,11,80,463,11
,02142654,387,2625,26250000.000000000000000,0,900,900,67.642666666666670,193.426134858302500,177562.000000000000000,11,3,463,6
,0214265808,388,1877,18770000.000000000000000,0,900,900,85.399573787959511,184.356460096051590,160295.000000000000000,11,80,463,17
,0214266000,389,2294,22940000.000000000000000,0,900,900,21.306451612903224,87.367275261531958,48877.000000000000000,10,3,187,3
,02142900,390,4265,42650000.000000000000000,0,900,900,129.619695193434920,271.633225036757210,552828.000000000000000,11,80,463,17
,02142914,391,1422,14220000.000000000000000,0,900,900,132.116736990154720,219.002711165069680,187870.000000000000000,10,80,7,80
,0214291555,392,2648,26480000.000000000000000,0,900,900,61.904833836858003,115.792295715331480,163924.000000000000000,11,80,463,17
,0214295600,393,2721,27210000.000000000000000,0,900,900,177.016170525542090,247.585131594039100,481661.000000000000000,11,80,7,80
,021459367,394,4368,43680000.000000000000000,0,900,900,102.206730769230770,152.579889842557800,446439.000000000000000,11,80,7,80
,02146110,395,1514,15140000.000000000000000,0,900,900,226.574636723910170,278.271144091720490,343034.000000000000000,11,0,6,80
,02146211,396,1490,14900000.000000000000000,0,900,900,236.771140939597300,302.653032963136700,352789.000000000000000,11,80,7,80
,02146300,397,6320,63200000.000000000000000,0,900,900,364.279113924050650,323.967884905043890,2302244.000000000000000,11,463,7,187
,02146315,398,1359,13590000.000000000000000,0,900,900,366.585724797645360,352.495868875078260,498190.000000000000000,9,900,6,187
,02146381,399,7524,75240000.000000000000000,0,900,900,267.043992557150430,371.538542659235020,2009239.000000000000000,11,0,7,80
,02146409,400,3150,31500000.000000000000000,0,900,900,481.776190476190490,323.191803690608940,1517595.000000000000000,10,900,3,463
,0214642825,401,1331,13310000.000000000000000,0,900,900,281.502629601803160,185.518484239678430,374680.000000000000000,10,187,7,187
,0214645022,402,3523,35230000.000000000000000,0,900,900,318.001986942946360,204.817579772456410,1120321.000000000000000,7,463,11,187
,02146470,403,699,6990000.000000000000000,0,900,900,390.246065808297540,208.952985233928220,272782.000000000000000,5,463,0,463
,02146500,404,1916,19160000.000000000000000,0,900,900,301.303757828810030,219.537882004787580,577298.000000000000000,6,463,17,187
,02146507,405,501,5010000.000000000000000,0,900,900,283.277445109780440,210.135430311300070,141922.000000000000000,9,187,7,187
,02146530,406,1640,16400000.000000000000000,0,900,900,283.329878048780470,273.641235811729420,464661.000000000000000,10,187,3,187
,0214655255,407,1897,18970000.000000000000000,0,900,900,136.160253031101750,135.551291012050110,258296.000000000000000,10,80,6,80
,02146562,408,1525,15250000.000000000000000,0,900,900,240.255737704918030,191.496522696323810,366390.000000000000000,9,187,7,187
,02146600,409,6621,66210000.000000000000000,0,900,900,157.731913608216270,220.280878608516280,1044343.000000000000000,11,80,9,80
,02146700,410,1828,18280000.000000000000000,0,900,900,237.077133479212250,181.295598842982340,433377.000000000000000,6,187,17,187
,02146750,411,11981,119810000.000000000000000,0,900,900,101.689508388281440,162.887854975920700,1218342.000000000000000,11,80,900,80
,0214676115,412,698,6980000.000000000000000,0,900,900,74.992836676217763,191.803000670389170,52345.000000000000000,11,11,463,17
,0214678175,413,1829,18290000.000000000000000,0,900,900,195.285948605795510,336.661067520877740,357178.000000000000000,11,0,463,17
,02146800,414,12216,122160000.000000000000000,0,900,900,67.358628028814664,193.379067651372990,822853.000000000000000,11,3,463,9
,0214685800,415,5441,54410000.000000000000000,0,900,900,16.665870244440359,74.315127673207741,90679.000000000000000,11,3,463,3
,021473428,416,7686,76860000.000000000000000,0,900,900,85.947957325006499,177.406890908536010,660596.000000000000000,11,80,900,17
,02160326,417,21923,219230000.000000000000000,0,900,900,110.783879943438390,194.433219587655490,2428715.000000000000000,11,80,7,80
,02162093,418,1446,14460000.000000000000000,0,900,900,403.751728907330570,320.937595859620900,583825.000000000000000,6,463,17,463
,02164000,419,12519,125190000.000000000000000,0,900,900,219.101126288042170,250.534909806121760,2742927.000000000000000,11,80,7,80
,02164110,420,15847,158470000.000000000000000,0,900,900,153.360699185965790,263.262443043149570,2430307.000000000000000,11,80,7,17
,02197020,421,4559,45590000.000000000000000,0,900,900,92.214082035534105,266.005533513127720,420404.000000000000000,11,0,6,0
,02197338,422,81,810000.000000000000000,0,900,900,322.222222222222230,431.477507532168890,26100.000000000000000,2,0,900,0
,02197339,423,46,460000.000000000000000,0,900,900,58.695652173913047,222.218152661749830,2700.000000000000000,2,0,900,0
,02203603,424,606,6060000.000000000000000,0,900,900,470.513201320132000,295.142012565986190,285131.000000000000000,5,463,0,463
,02203655,425,5359,53590000.000000000000000,0,900,900,344.746407911923880,300.097434687002590,1847496.000000000000000,11,463,3,187
,02203700,426,2757,27570000.000000000000000,0,900,900,368.941965904969150,298.623494645114140,1017173.000000000000000,11,463,6,463
,02204070,427,39058,390580000.000000000000000,0,900,900,185.203620257053610,228.537013102761280,7233683.000000000000000,11,80,9,80
,02205000,428,334,3340000.000000000000000,6,187,181,53.203592814371255,33.571451894448444,17770.000000000000000,7,80,6,80
,02205522,429,1936,19360000.000000000000000,0,900,900,184.654442148760320,258.914985949588410,357491.000000000000000,11,80,7,80
,02206500,430,32889,328890000.000000000000000,0,900,900,148.194107452339690,246.230738784271810,4873956.000000000000000,11,80,7,80
,02207120,431,6930,69300000.000000000000000,0,900,900,104.942712842712840,142.478649957285140,727253.000000000000000,11,80,6,80
,02207385,432,4462,44620000.000000000000000,0,900,900,57.560062752129092,122.073565899929890,256833.000000000000000,11,80,463,17
,02208050,433,2569,25690000.000000000000000,0,900,900,138.763332035811600,299.690257970479420,356483.000000000000000,10,80,187,11
,02208130,434,1391,13910000.000000000000000,0,900,900,167.497483824586620,266.025838516836930,232989.000000000000000,11,80,463,80
,02208150,435,3981,39810000.000000000000000,0,900,900,31.076362722933936,125.181944235000270,123715.000000000000000,11,3,463,6
,02211375,436,1140,11400000.000000000000000,0,900,900,181.180701754385980,223.128345521016510,206546.000000000000000,10,80,9,80
,02217274,437,438,4380000.000000000000000,0,17,17,4.874429223744293,3.286228913709637,2135.000000000000000,7,3,0,3
,02218565,438,1483,14830000.000000000000000,0,900,900,21.356035064059338,72.627055239226308,31671.000000000000000,10,9,187,9
,02334480,439,2445,24450000.000000000000000,0,900,900,49.739877300613500,135.643262672236690,121614.000000000000000,11,80,463,11
,02334578,440,1309,13090000.000000000000000,0,900,900,40.437738731856378,77.369196033113028,52933.000000000000000,10,80,900,17
,02334620,441,1784,17840000.000000000000000,0,900,900,34.682174887892380,156.323699736494660,61873.000000000000000,9,3,11,3
,02334885,442,12119,121190000.000000000000000,0,900,900,87.711032263388063,230.374564151842430,1062970.000000000000000,11,3,463,9
,02335350,443,2295,22950000.000000000000000,0,900,900,298.896732026143810,336.855726715649890,685968.000000000000000,11,80,7,80
,02335700,444,19072,190720000.000000000000000,0,900,900,61.174549077181211,187.957462066452510,1166721.000000000000000,11,3,463,9
,02335757,445,7703,77030000.000000000000000,0,900,900,150.285213553161100,253.658538867950630,1157647.000000000000000,11,80,7,80
,023358685,446,3308,33080000.000000000000000,0,900,900,129.242744860943160,98.567591813679854,427535.000000000000000,11,80,3,80
,02335870,447,4665,46650000.000000000000000,0,900,900,221.250803858520900,247.643498110437320,1032135.000000000000000,11,80,3,187
,02335910,448,4810,48100000.000000000000000,0,900,900,374.404573804573830,343.886279340094400,1800886.000000000000000,11,900,11,187
,02336030,449,357,3570000.000000000000000,0,900,900,601.932773109243730,328.309754957773180,214890.000000000000000,5,900,0,900
,02336120,450,8742,87420000.000000000000000,0,900,900,336.822123083962480,272.532446063038780,2944499.000000000000000,11,187,6,187
,02336240,451,7137,71370000.000000000000000,0,900,900,320.274625192657990,247.588248578827520,2285800.000000000000000,11,463,9,187
,02336300,452,5891,58910000.000000000000000,0,900,900,413.444067221184870,285.252734928051100,2435599.000000000000000,10,463,11,463
,02336360,453,6798,67980000.000000000000000,0,900,900,290.303471609296880,280.807783053722740,1973483.000000000000000,11,187,7,187
,02336410,454,2839,28390000.000000000000000,0,900,900,171.295878830574140,176.583756295971450,486309.000000000000000,11,80,3,80
,02336526,455,3508,35080000.000000000000000,0,900,900,382.442132269099200,281.378332562388780,1341607.000000000000000,11,463,3,463
,02336635,456,8066,80660000.000000000000000,0,900,900,176.818745350855440,190.026238614504420,1426220.000000000000000,11,80,7,80
,02336728,457,8992,89920000.000000000000000,0,900,900,233.765569395017790,236.101545794670930,2102020.000000000000000,11,80,7,187
,02336968,458,11435,114350000.000000000000000,0,900,900,70.793091386095327,123.095061915450020,809519.000000000000000,11,80,900,80
,02344350,459,33003,330030000.000000000000000,0,900,900,200.728145926127920,290.836486464091990,6624631.000000000000000,11,80,7,80
,02344478,460,3330,33300000.000000000000000,0,900,900,87.145645645645644,200.156919193065650,290195.000000000000000,11,3,7,9
,02346310,461,2504,25040000.000000000000000,0,900,900,143.120607028753990,227.005054039278890,358374.000000000000000,11,80,7,80
,02378170,462,1376,13760000.000000000000000,0,900,900,91.231104651162795,220.309475294626620,125534.000000000000000,11,3,463,7
,02392950,463,6552,65520000.000000000000000,0,900,900,196.777014652014660,323.487194618541880,1289283.000000000000000,11,80,7,80
,02392975,464,2396,23960000.000000000000000,0,900,900,135.893155258764610,144.362646574882520,325600.000000000000000,11,80,6,80
,02465292,465,2642,26420000.000000000000000,0,900,900,260.875851627554880,251.524270142273280,689234.000000000000000,10,187,7,187
,02485700,466,4506,45060000.000000000000000,0,900,900,124.346205059920110,238.109472113538290,560304.000000000000000,11,0,7,3
,03238140,467,1062,10620000.000000000000000,0,900,900,319.118644067796590,190.326107917035240,338904.000000000000000,6,463,17,187
,03260015,468,1639,16390000.000000000000000,0,900,900,186.704087858450270,210.331446914342190,306008.000000000000000,10,80,7,80
,03260050,469,3070,30700000.000000000000000,0,900,900,284.510097719869690,305.971869215874560,873446.000000000000000,11,463,7,187
,03260100,470,976,9760000.000000000000000,0,900,900,285.890368852459010,395.685014119873300,279029.000000000000000,10,900,187,80
,03277075,471,9559,95590000.000000000000000,0,900,900,142.799665236949470,277.212171953174960,1365022.000000000000000,11,80,463,17
,03284520,472,408,4080000.000000000000000,0,900,900,34.105392156862742,133.648962828157750,13915.000000000000000,10,3,0,6
,03287580,473,558,5580000.000000000000000,0,900,900,23.306451612903224,91.244566753099988,13005.000000000000000,11,3,463,3
,03287600,474,5004,50040000.000000000000000,0,900,900,112.833333333333330,240.707079002040670,564618.000000000000000,11,3,7,6
,03288200,475,5217,52170000.000000000000000,0,900,900,172.029710561625450,268.367128285764350,897479.000000000000000,11,3,9,11
,03288500,476,607,6070000.000000000000000,0,900,900,93.462932454695220,219.040038752219200,56732.000000000000000,11,3,463,9
,03289000,477,5590,55900000.000000000000000,0,900,900,92.168694096601072,195.403609608030000,515223.000000000000000,11,3,9,6
,03289193,478,2557,25570000.000000000000000,0,900,900,358.785686351192790,245.887846842661190,917415.000000000000000,11,463,9,463
,03289200,479,5300,53000000.000000000000000,0,900,900,235.786981132075480,323.431264898011880,1249671.000000000000000,11,3,9,7
,03289300,480,12714,127140000.000000000000000,0,900,900,17.043338052540506,84.737107971752692,216689.000000000000000,11,3,463,3
,03292474,481,1721,17210000.000000000000000,0,900,900,156.339337594421830,207.237371622225420,269060.000000000000000,11,80,7,80
,03292475,482,1035,10350000.000000000000000,0,900,900,171.777777777777770,178.340099800897550,177790.000000000000000,9,80,9,80
,03292480,483,1490,14900000.000000000000000,0,900,900,181.237583892617440,241.925991089490480,270044.000000000000000,11,80,6,80
,03292500,484,4525,45250000.000000000000000,0,900,900,333.257458563535920,249.996038448512110,1507990.000000000000000,10,463,7,463
,03292550,485,1369,13690000.000000000000000,0,900,900,325.342585829072330,201.755741796556690,445394.000000000000000,7,463,11,463
,03293000,486,4883,48830000.000000000000000,0,900,900,272.839647757526110,255.700677877167460,1332276.000000000000000,11,187,6,187
,03293500,487,1684,16840000.000000000000000,0,900,900,268.899643705463180,222.958356570725240,452827.000000000000000,8,463,7,187
,03293510,488,3157,31570000.000000000000000,0,900,900,323.771301868862850,246.681560896881390,1022146.000000000000000,11,463,6,463
,03294550,489,7857,78570000.000000000000000,0,900,900,395.403461881125110,269.224741978706280,3106685.000000000000000,11,463,3,463
,03294570,490,3701,37010000.000000000000000,0,900,900,239.881923804377210,246.814558888894790,887803.000000000000000,11,80,9,187
,03298135,491,1419,14190000.000000000000000,0,900,900,397.009161381254390,360.697487035272100,563356.000000000000000,11,900,9,187
,03298150,492,1594,15940000.000000000000000,0,900,900,78.455457967377669,150.411179093955410,125058.000000000000000,11,80,463,17
,03298250,493,2926,29260000.000000000000000,0,900,900,105.493164730006840,151.456371908524550,308673.000000000000000,11,80,900,80
,03301900,494,883,8830000.000000000000000,0,900,900,220.973952434881080,170.200921839191380,195120.000000000000000,9,187,9,187
,03302000,495,15802,158020000.000000000000000,0,900,900,283.173648905201900,308.603289596516500,4474710.000000000000000,11,80,7,187
,03302030,496,4773,47730000.000000000000000,0,900,900,108.576786088414000,177.798770844652890,518237.000000000000000,11,80,900,17
,03431060,497,24227,242270000.000000000000000,0,900,900,98.376934824782268,190.652059680159990,2383378.000000000000000,11,3,900,11
,03431300,498,3092,30920000.000000000000000,0,900,900,317.157179818887470,303.054330820473980,980650.000000000000000,10,80,3,187
,03431700,499,6396,63960000.000000000000000,0,900,900,179.461538461538450,177.912443743850960,1147836.000000000000000,11,80,3,80
,05588720,500,2199,21990000.000000000000000,0,900,900,83.532514779445208,126.971656154685190,183688.000000000000000,11,80,463,80
,06935850,501,1444,14440000.000000000000000,0,900,900,136.360803324099720,308.949478856626740,196905.000000000000000,10,3,187,3
,06935890,502,4289,42890000.000000000000000,0,900,900,133.789694567498260,308.824181345247890,573824.000000000000000,11,0,463,3
,06935955,503,3035,30350000.000000000000000,0,900,900,325.609225700164760,399.947773584604250,988224.000000000000000,11,900,7,80
,06935980,504,974,9740000.000000000000000,0,900,900,374.680698151950710,421.614229136779560,364939.000000000000000,11,900,3,80
,06935997,505,554,5540000.000000000000000,0,900,900,96.738267148014444,269.892193508542960,53593.000000000000000,10,3,187,3
,06936475,506,10595,105950000.000000000000000,0,900,900,293.743747050495530,387.093331526449330,3112215.000000000000000,11,0,7,80
,07001910,507,300,3000000.000000000000000,0,900,900,157.889999999999990,291.743148277156080,47367.000000000000000,8,0,7,7
,07001985,508,1068,10680000.000000000000000,0,900,900,216.268726591760300,342.244327430971510,230975.000000000000000,11,0,3,80
,07005000,509,6132,61320000.000000000000000,0,900,900,219.143672537508170,323.931338615248760,1343789.000000000000000,11,0,7,80
,07010030,510,514,5140000.000000000000000,0,900,900,146.472762645914400,303.015211053375820,75287.000000000000000,11,0,9,3
,07010035,511,373,3730000.000000000000000,0,900,900,162.935656836461130,328.390111856388160,60775.000000000000000,11,3,7,3
,07010055,512,3164,31640000.000000000000000,0,900,900,110.603666245259160,270.762401031044080,349950.000000000000000,11,0,463,3
,07010061,513,1649,16490000.000000000000000,0,900,900,84.713159490600361,203.036263440662400,139692.000000000000000,11,80,463,11
,07010070,514,491,4910000.000000000000000,0,900,900,117.881873727087580,222.893849908970590,57880.000000000000000,11,0,3,17
,07010075,515,288,2880000.000000000000000,0,900,900,89.163194444444443,219.537466192032350,25679.000000000000000,11,0,7,9
,07010082,516,1485,14850000.000000000000000,0,900,900,245.597979797979800,366.679150378799310,364713.000000000000000,11,0,463,80
,07010086,517,2340,23400000.000000000000000,0,900,900,238.226923076923070,359.794130656178310,557451.000000000000000,11,0,7,80
,07010090,518,948,9480000.000000000000000,0,900,900,218.566455696202520,348.340636690780460,207201.000000000000000,11,0,3,17
,07010094,519,154,1540000.000000000000000,0,900,900,173.961038961038950,344.727294499502190,26790.000000000000000,9,0,6,3
,07010097,520,9863,98630000.000000000000000,0,900,900,395.516374328297670,419.521138337593130,3900978.000000000000000,11,900,9,80
,07010180,521,4726,47260000.000000000000000,0,900,900,228.095429538721960,364.056548543935430,1077979.000000000000000,11,0,7,11
,07010208,522,685,6850000.000000000000000,0,900,900,281.011678832116790,404.459087112993930,192493.000000000000000,11,0,463,11
,07019120,523,2489,24890000.000000000000000,0,900,900,172.491763760546410,303.533238229335890,429332.000000000000000,11,80,7,17
,07019317,524,2067,20670000.000000000000000,0,900,900,251.656990807934190,397.838603980151850,520175.000000000000000,11,0,463,3
,07031692,525,7881,78810000.000000000000000,0,900,900,160.509072452734420,276.773599953883830,1264972.000000000000000,11,80,7,80
,07032200,526,17613,176130000.000000000000000,0,900,900,50.269687162891046,179.429435515193180,885400.000000000000000,11,3,463,3
,08076180,527,7312,73120000.000000000000000,0,900,900,131.015590809628010,285.017663811765490,957986.000000000000000,11,0,463,7
,0209553650,528,4599,45990000.000000000000000,0,900,900,69.866057838660581,177.859654948407950,321314.000000000000000,11,17,463,17
,10168000,529,11677,116770000.000000000000000,0,900,900,90.219491307698888,180.252777616984900,1053493.000000000000000,9,0,7,0
,11161300,530,950,9500000.000000000000000,0,900,900,133.315789473684220,193.393243400067580,126650.000000000000000,10,80,6,80
,11162800,531,462,4620000.000000000000000,0,900,900,143.034632034632040,189.833667486683420,66082.000000000000000,7,80,463,80
,12081000,532,6412,64120000.000000000000000,0,900,900,175.165782907049280,256.080366085908170,1123163.000000000000000,11,80,7,80
,12090400,533,1460,14600000.000000000000000,0,900,900,146.416438356164380,189.103589799310580,213768.000000000000000,9,80,7,80
,12090500,534,14961,149610000.000000000000000,0,900,900,116.172849408462000,206.928061363046170,1738062.000000000000000,11,80,7,80
,12091100,535,3480,34800000.000000000000000,0,900,900,420.375287356321850,298.189059962365600,1462906.000000000000000,11,463,7,463
,12091200,536,1223,12230000.000000000000000,0,900,900,382.044971381847920,262.772332784489380,467241.000000000000000,6,463,17,463
,12091290,537,503,5030000.000000000000000,0,900,900,203.423459244532810,175.229612519515090,102322.000000000000000,11,187,6,187
,12091300,538,31,310000.000000000000000,0,463,463,264.806451612903230,178.550692061935310,8209.000000000000000,4,463,0,187
,12091500,539,4202,42020000.000000000000000,0,900,900,347.570918610185630,279.201208695867310,1460493.000000000000000,10,463,7,463
,12102190,540,556,5560000.000000000000000,0,900,900,132.964028776978410,167.467334303108490,73928.000000000000000,8,80,9,80
,12113347,541,732,7320000.000000000000000,0,900,900,234.243169398907100,207.051017695525270,171466.000000000000000,8,80,11,187
,12113349,542,1367,13670000.000000000000000,0,900,900,400.552304316020470,324.286709248696350,547555.000000000000000,10,187,6,187
,12120000,543,3758,37580000.000000000000000,0,900,900,352.320915380521570,288.075174691543570,1324022.000000000000000,7,463,9,187
,12120500,544,1678,16780000.000000000000000,0,900,900,369.783075089392130,228.178744312389600,620496.000000000000000,10,463,7,463
,12124000,545,3398,33980000.000000000000000,0,900,900,45.092995879929369,85.100184378151567,153226.000000000000000,11,80,463,17
,12125200,546,37169,371690000.000000000000000,0,900,900,86.223223654120375,177.777773411441870,3204831.000000000000000,11,0,6,17
,12126000,547,6385,63850000.000000000000000,0,900,900,188.300548159749410,222.780639182779480,1202299.000000000000000,11,80,7,80
,12127100,548,5890,58900000.000000000000000,0,900,900,248.795755517826820,238.421156983675190,1465407.000000000000000,11,187,6,187
,12128000,549,3126,31260000.000000000000000,0,900,900,426.305822136916160,189.399882001006660,1332632.000000000000000,6,463,17,463
,12157000,550,4791,47910000.000000000000000,0,900,900,100.411605092882480,226.388179159770460,481072.000000000000000,11,11,463,11
,14142800,551,2896,28960000.000000000000000,0,900,900,153.887776243093920,209.662605944032750,445659.000000000000000,11,17,7,80
,14206900,552,625,6250000.000000000000000,0,900,900,358.451199999999970,149.109531615386690,224032.000000000000000,5,463,900,463
,14206950,553,7458,74580000.000000000000000,0,900,900,311.874899436846360,263.523094491304110,2325963.000000000000000,11,463,7,187
,14211315,554,1705,17050000.000000000000000,0,900,900,219.806451612903230,192.891253956224890,374770.000000000000000,7,463,11,187
,14211499,555,1223,12230000.000000000000000,0,900,900,51.530662305805400,123.833608326809070,63022.000000000000000,11,80,463,17
,14211500,556,5629,56290000.000000000000000,0,900,900,106.445905134126850,163.855814051755230,599184.000000000000000,11,80,7,80
,14211550,557,6856,68560000.000000000000000,0,900,900,358.864352392065370,222.597664459513820,2460374.000000000000000,11,463,6,463
,06710150,558,2911,29110000.000000000000000,0,900,900,28.064582617657162,142.405541756891670,81696.000000000000000,10,0,187,0
,07103990,559,5154,51540000.000000000000000,0,900,900,82.500776096235938,183.096007446210170,425209.000000000000000,11,3,7,9
,07104500,560,2295,22950000.000000000000000,0,900,900,274.149891067538140,244.839180189285770,629174.000000000000000,8,463,11,187
,07105600,561,13465,134650000.000000000000000,0,900,900,97.185220943186039,218.921912035266470,1308599.000000000000000,11,0,7,3
,08053009,562,3543,35430000.000000000000000,0,900,900,158.409822184589330,337.478618483368280,561246.000000000000000,9,0,7,0
,08056500,563,1640,16400000.000000000000000,0,900,900,351.437195121951220,221.735141294327970,576357.000000000000000,10,463,7,463
,08057200,564,17290,172900000.000000000000000,0,900,900,278.423076923076910,322.568550664967350,4813935.000000000000000,11,0,7,80
,08057445,565,2336,23360000.000000000000000,0,900,900,314.888270547945180,278.343760617601670,735579.000000000000000,10,463,9,187
,08061540,566,31084,310840000.000000000000000,0,900,900,193.430446531977880,307.932483791871450,6012592.000000000000000,11,0,7,11
,08061700,567,8218,82180000.000000000000000,0,900,900,435.688975419810160,305.443703171154540,3580492.000000000000000,11,463,7,463
,08083420,568,3231,32310000.000000000000000,0,900,900,225.956669761683680,269.982799143604440,730066.000000000000000,11,463,11,80
,08155541,569,467,4670000.000000000000000,0,900,900,391.443254817987170,218.089579684899970,182804.000000000000000,5,463,80,463
,08156675,570,1450,14500000.000000000000000,0,900,900,422.552413793103430,298.930191962249640,612701.000000000000000,9,463,9,463
,08156800,571,1854,18540000.000000000000000,0,900,900,397.841963322545840,222.634227593722070,737599.000000000000000,9,463,17,463
,08156910,572,284,2840000.000000000000000,0,900,900,523.492957746478850,274.736320360185690,148672.000000000000000,6,463,17,463
,08157000,573,310,3100000.000000000000000,0,900,900,401.593548387096750,190.738926344081190,124494.000000000000000,5,463,80,463
,08157500,574,473,4730000.000000000000000,0,900,900,406.452431289640570,286.935522439152240,192252.000000000000000,11,463,3,463
,08158030,575,432,4320000.000000000000000,0,900,900,442.599537037037010,266.893105769319390,191203.000000000000000,6,463,17,463
,08158035,576,464,4640000.000000000000000,0,900,900,364.443965517241390,243.020240674265890,169102.000000000000000,6,463,17,463
,08158045,577,385,3850000.000000000000000,0,900,900,449.254545454545450,209.054985959827180,172963.000000000000000,5,463,80,463
,08158200,578,6862,68620000.000000000000000,0,900,900,199.110609151850780,303.939482676485000,1366297.000000000000000,11,80,6,80
,08158380,579,1352,13520000.000000000000000,0,900,900,470.767751479289930,252.596301095041380,636478.000000000000000,7,463,6,463
,08158600,580,5250,52500000.000000000000000,0,900,900,215.195238095238100,297.569473242628990,1129775.000000000000000,11,0,11,80
,08158970,581,7130,71300000.000000000000000,0,900,900,211.302945301542760,258.521203331506970,1506590.000000000000000,11,80,7,80
,08177700,582,5673,56730000.000000000000000,0,900,900,220.114225277630880,243.832386441899300,1248708.000000000000000,11,80,11,80
,08181480,583,54188,541880000.000000000000000,0,900,900,82.375525946704073,204.928219019706720,4463765.000000000000000,11,3,9,6
,08329840,584,1112,11120000.000000000000000,0,900,900,389.623201438848920,161.633959858932060,433261.000000000000000,5,463,900,463
,09483000,585,2000,20000000.000000000000000,0,900,900,362.329500000000000,273.471082437887730,724659.000000000000000,7,463,17,463
,10311300,586,7530,75300000.000000000000000,0,900,900,91.863213811420977,213.181045550416830,691730.000000000000000,11,3,9,3
,11023330,587,8134,81340000.000000000000000,0,900,900,114.026432259650850,222.818076399843960,927491.000000000000000,11,0,7,11
,11023340,588,2848,28480000.000000000000000,0,900,900,134.451544943820240,250.685461488187880,382918.000000000000000,11,0,7,11
,11045300,589,1839,18390000.000000000000000,0,900,900,102.275693311582390,214.811711403021660,188085.000000000000000,5,0,80,0
,11047000,590,9222,92220000.000000000000000,0,900,900,65.566579917588371,214.091806795922880,604655.000000000000000,11,0,7,0
,11047500,591,2305,23050000.000000000000000,0,900,900,145.793058568329710,233.709117356021490,336053.000000000000000,11,0,7,11
,11060400,592,3083,30830000.000000000000000,0,900,900,473.154395069737290,292.649931914139020,1458735.000000000000000,7,463,11,463
,11101500,593,29998,299980000.000000000000000,0,900,900,292.495099673311530,276.555767550584220,8774268.000000000000000,11,463,6,463
,11102000,594,1649,16490000.000000000000000,0,900,900,444.734990903577910,258.332967092109700,733368.000000000000000,6,463,17,463
,11102300,595,1040,10400000.000000000000000,0,900,900,277.871153846153850,293.595739748840060,288986.000000000000000,5,0,187,187
,11102500,596,1817,18170000.000000000000000,0,900,900,554.082553659878950,306.070588382190410,1006768.000000000000000,5,463,80,463
,11120000,597,4951,49510000.000000000000000,0,900,900,101.695617047061210,180.518947327843220,503495.000000000000000,10,0,11,6
,11153650,598,22127,221270000.000000000000000,0,900,900,86.026935418267271,196.279967266336570,1903518.000000000000000,11,80,7,11
,11162720,599,2857,28570000.000000000000000,0,900,900,326.682184109205480,286.256693271671910,933331.000000000000000,11,463,9,463
,11166000,600,1654,16540000.000000000000000,0,900,900,109.537484885126970,209.085735346713420,181175.000000000000000,11,80,7,80
,11181040,601,12159,121590000.000000000000000,0,900,900,98.910272226334399,191.094267116596820,1202650.000000000000000,11,3,9,3
,11183000,602,13303,133030000.000000000000000,0,900,900,108.294294520033080,178.227108671563770,1440639.000000000000000,11,0,6,80
,11183600,603,8499,84990000.000000000000000,0,900,900,185.822096717260850,212.703669002632890,1579302.000000000000000,11,0,6,80
,11335655,604,4508,45080000.000000000000000,0,900,900,73.261535048802131,165.778785537503520,330263.000000000000000,11,80,463,17
,11336580,605,10621,106210000.000000000000000,0,900,900,174.389040579983060,309.869742579044840,1852186.000000000000000,11,0,7,3
,11447360,606,8164,81640000.000000000000000,0,900,900,352.681161195492390,198.517792519744400,2879289.000000000000000,10,463,6,463
,11465660,607,1440,14400000.000000000000000,0,900,900,72.386805555555554,178.427851800465450,104237.000000000000000,11,0,7,6
,11465680,608,9332,93320000.000000000000000,0,900,900,126.781290184312040,236.583226093850730,1183123.000000000000000,11,80,7,17
,11465690,609,872,8720000.000000000000000,0,900,900,219.264908256880740,296.744677201577870,191199.000000000000000,10,0,6,80
,11465700,610,930,9300000.000000000000000,0,900,900,94.436559139784947,155.395446844456930,87826.000000000000000,8,80,11,80
,11465750,611,8395,83950000.000000000000000,0,900,900,99.754854079809405,165.282099523313720,837442.000000000000000,11,80,3,80
,11466065,612,2699,26990000.000000000000000,0,900,900,116.665431641348650,175.413444690758890,314880.000000000000000,11,9,3,17
,11466320,613,17236,172360000.000000000000000,0,900,900,113.735263402181470,205.965844363239630,1960341.000000000000000,11,0,7,17
,11466800,614,24377,243770000.000000000000000,0,900,900,43.490093120564467,132.690141540189330,1060158.000000000000000,11,3,463,6
,11447293,615,20276,202760000.000000000000000,0,900,900,116.371128427697770,205.546781289827780,2359541.000000000000000,11,80,9,80