Rowid_,GAGE_ID,ZONE_CODE,COUNT,AREA,MIN,MAX,RANGE,MEAN,STD,SUM,VARIETY,MAJORITY,MINORITY,MEDIAN
,06914990,1,2045,20450000.000000000000000,0,900,900,77.695354523227380,250.838965092621520,158887.000000000000000,9,0,6,0
,03255500,2,20211,202110000.000000000000000,0,900,900,185.297313344218510,338.081210035249280,3745044.000000000000000,11,0,463,9
,03271000,3,18038,180380000.000000000000000,0,900,900,41.054662379421224,119.695103220401450,740544.000000000000000,11,3,900,6
,03271300,4,5182,51820000.000000000000000,0,900,900,70.470281744500198,217.670133321178380,365177.000000000000000,10,3,187,9
,03337000,5,1104,11040000.000000000000000,0,900,900,404.642210144927560,320.231714783352290,446725.000000000000000,9,463,9,463
,03337100,6,119,1190000.000000000000000,0,900,900,609.302521008403350,381.270555133925770,72507.000000000000000,7,900,3,900
,03351072,7,4218,42180000.000000000000000,0,900,900,19.995258416311049,116.447388496337510,84340.000000000000000,9,3,900,3
,03351310,8,4622,46220000.000000000000000,0,900,900,90.391605365642576,232.685456523803990,417790.000000000000000,11,0,463,7
,03353120,9,2129,21290000.000000000000000,0,900,900,292.343353687177060,365.258148806229940,622399.000000000000000,11,80,7,80
,03353160,10,773,7730000.000000000000000,0,900,900,362.994825355756800,213.888831068892810,280595.000000000000000,8,463,9,463
,03353180,11,877,8770000.000000000000000,0,900,900,204.897377423033080,268.031535364390550,179695.000000000000000,11,80,7,80
,03353600,12,6370,63700000.000000000000000,0,900,900,175.322762951334370,330.992530613188420,1116806.000000000000000,11,0,463,11
,03353620,13,3885,38850000.000000000000000,0,900,900,172.103217503217510,311.320765777962320,668621.000000000000000,11,80,463,17
,03353637,14,4446,44460000.000000000000000,0,900,900,72.556230319388220,179.198842757726910,322585.000000000000000,11,80,463,11
,04087030,15,8788,87880000.000000000000000,0,900,900,46.244082840236686,164.816707424442800,406393.000000000000000,11,3,463,3
,04087070,16,5179,51790000.000000000000000,0,900,900,93.078200424792428,244.896365899267070,482052.000000000000000,11,3,463,6
,04087088,17,4689,46890000.000000000000000,0,900,900,157.539560673917690,284.949977804935540,738703.000000000000000,11,80,463,17
,04087119,18,2769,27690000.000000000000000,0,900,900,244.732755507403400,248.141109448422070,677665.000000000000000,11,80,3,187
,04087120,19,11154,111540000.000000000000000,0,900,900,175.987627756858530,314.880541555521630,1962966.000000000000000,11,3,7,11
,04087142,20,3907,39070000.000000000000000,0,900,900,490.361402610698750,252.869838623076450,1915842.000000000000000,9,463,7,463
,04087159,21,4809,48090000.000000000000000,0,900,900,342.253690996049100,332.051908676215480,1645898.000000000000000,11,80,6,187
,04087170,22,185317,1853170000.000000000000000,0,900,900,42.622430753789452,151.355465375170670,7898661.000000000000000,11,3,187,3
,04087204,23,6621,66210000.000000000000000,0,900,900,145.848059205558060,301.616690809931470,965660.000000000000000,11,3,463,11
,04087214,24,3842,38420000.000000000000000,0,900,900,102.167621030713160,221.842065776205520,392528.000000000000000,11,80,463,17
,04087220,25,8852,88520000.000000000000000,0,900,900,65.972322638951653,192.969859619415980,583987.000000000000000,11,3,463,9
,04087240,26,36282,362820000.000000000000000,0,900,900,27.438013339948185,132.207361465069030,995506.000000000000000,11,3,463,3
,04087257,27,9825,98250000.000000000000000,0,900,900,76.162035623409665,229.956415394522050,748292.000000000000000,11,3,463,3
,04093000,28,32120,321200000.000000000000000,0,900,900,61.869738480697386,192.684996177017720,1987256.000000000000000,11,3,463,3
,04094500,29,19214,192140000.000000000000000,0,900,900,43.534818361611322,161.127974350110550,836478.000000000000000,11,3,187,3
,04101370,30,9191,91910000.000000000000000,0,900,900,62.976063540419979,202.739414607632280,578813.000000000000000,11,3,463,3
,04106180,31,3644,36440000.000000000000000,0,900,900,37.553238199780459,153.049643510355420,136844.000000000000000,11,3,463,6
,04106300,32,1416,14160000.000000000000000,0,900,900,126.512005649717510,275.506546565589130,179141.000000000000000,11,80,463,11
,04106500,33,8070,80700000.000000000000000,0,900,900,56.771747211895914,168.360296793372440,458148.000000000000000,11,3,463,6
,04160800,34,5474,54740000.000000000000000,0,900,900,51.297953964194370,186.557035270825140,280805.000000000000000,11,3,463,6
,04161100,35,4558,45580000.000000000000000,0,900,900,225.328652917946470,366.820582834128630,1027048.000000000000000,11,0,463,9
,04162900,36,6446,64460000.000000000000000,0,900,900,203.257679180887380,346.821278504550490,1310199.000000000000000,11,80,463,17
,04163400,37,4257,42570000.000000000000000,0,900,900,81.165374677002589,199.357382910178980,345521.000000000000000,11,80,463,17
,04165500,38,168627,1686270000.000000000000000,0,900,900,77.729023228783049,212.739056525911340,13107212.000000000000000,11,3,463,3
,04166000,39,8419,84190000.000000000000000,0,900,900,78.412162964722654,205.143012351458200,660152.000000000000000,11,80,463,11
,04166100,40,14006,140060000.000000000000000,0,900,900,60.518777666714264,166.946245469316070,847626.000000000000000,11,80,463,11
,04166300,41,4573,45730000.000000000000000,0,900,900,100.653837743275740,272.273220394288100,460290.000000000000000,11,0,463,3
,04166500,42,20600,206000000.000000000000000,0,900,900,188.322184466019420,276.056899357010710,3879437.000000000000000,11,80,7,80
,04167000,43,22977,229770000.000000000000000,0,900,900,129.474213343778560,284.638055285876870,2974929.000000000000000,11,3,463,7
,04168000,44,21783,217830000.000000000000000,0,900,900,119.284855162282510,272.406867765023550,2598382.000000000000000,11,3,463,6
,04174518,45,2633,26330000.000000000000000,0,900,900,203.911507785795660,326.521050388596000,536899.000000000000000,11,0,6,17
,05288705,46,7284,72840000.000000000000000,0,900,900,259.418588687534340,404.355426132664320,1889605.000000000000000,11,0,463,3
,05289800,47,41389,413890000.000000000000000,0,900,900,78.845707796757594,229.078752913935010,3263345.000000000000000,11,0,7,0
,05345000,48,33430,334300000.000000000000000,0,900,900,78.851600358959018,251.558814546164140,2636009.000000000000000,11,0,463,0
,05422600,49,14838,148380000.000000000000000,0,900,900,89.907332524598999,256.471528512372690,1334045.000000000000000,11,0,7,0
,05427948,50,4708,47080000.000000000000000,0,900,900,67.568606627017843,223.972563463428860,318113.000000000000000,11,3,463,3
,054310157,51,1114,11140000.000000000000000,0,900,900,100.106822262118500,245.053781310197730,111519.000000000000000,11,3,9,3
,05435935,52,2770,27700000.000000000000000,0,900,900,25.298916967509026,122.640416093051730,70078.000000000000000,10,3,187,3
,05435943,53,2448,24480000.000000000000000,0,900,900,60.619689542483663,212.414508880420300,148397.000000000000000,10,0,187,3
,05454090,54,2257,22570000.000000000000000,0,900,900,52.741692512184315,195.883624912766150,119038.000000000000000,11,0,463,3
,05484800,55,20185,201850000.000000000000000,0,900,900,77.930492940302202,243.331298757976780,1573027.000000000000000,11,0,463,3
,05527905,56,1398,13980000.000000000000000,0,900,900,23.598712446351932,80.284721686342706,32991.000000000000000,10,0,187,3
,05527950,57,14216,142160000.000000000000000,0,900,900,31.569921215531796,139.997814442079030,448798.000000000000000,11,3,463,3
,05529000,58,78666,786660000.000000000000000,0,900,900,71.398316934889280,225.589467676101920,5616620.000000000000000,11,3,463,3
,05529500,59,2201,22010000.000000000000000,0,900,900,104.807814629713760,247.324571677337870,230682.000000000000000,10,80,187,11
,05530000,60,3305,33050000.000000000000000,0,900,900,134.220272314674730,206.413013435462200,443598.000000000000000,11,80,3,80
,05530990,61,7090,70900000.000000000000000,0,900,900,137.000423131170660,288.930502231433020,971333.000000000000000,11,0,463,11
,05531000,62,504,5040000.000000000000000,0,900,900,267.607142857142830,391.576469386952620,134874.000000000000000,9,0,7,17
,05532000,63,4708,47080000.000000000000000,0,900,900,380.583687340696710,367.355043694951520,1791788.000000000000000,11,900,7,187
,05532500,64,51900,519000000.000000000000000,0,900,900,297.447514450867060,366.935009760378420,15437526.000000000000000,11,900,7,80
,05533000,65,4259,42590000.000000000000000,0,900,900,150.890584644282680,246.591841468940400,642643.000000000000000,11,80,7,80
,05533400,66,3343,33430000.000000000000000,0,900,900,132.565659587197130,305.961382750969110,443167.000000000000000,10,0,187,3
,05534500,67,5164,51640000.000000000000000,0,900,900,115.103408210689390,280.854323109780580,594394.000000000000000,11,0,463,6
,05535000,68,3007,30070000.000000000000000,0,900,900,158.433322248087790,320.462889757471880,476409.000000000000000,10,0,187,7
,05535070,69,2158,21580000.000000000000000,0,900,900,126.801204819277100,243.592246274913950,273637.000000000000000,11,80,9,17
,05535500,70,2992,29920000.000000000000000,0,900,900,190.661764705882350,343.449645497862950,570460.000000000000000,11,3,463,11
,05536000,71,12154,121540000.000000000000000,0,900,900,167.730376830673040,277.241636927808090,2038595.000000000000000,11,80,6,80
,05536105,72,3511,35110000.000000000000000,0,900,900,377.630874394759300,281.924805606559000,1325862.000000000000000,10,463,9,463
,05536118,73,16774,167740000.000000000000000,0,900,900,438.402170025038740,245.286482515627370,7353758.000000000000000,11,463,6,463
,05536215,74,6517,65170000.000000000000000,0,900,900,185.877090685898420,299.877122436227350,1211361.000000000000000,11,0,7,17
,05536235,75,5934,59340000.000000000000000,0,900,900,54.312436804853384,176.764566458329480,322290.000000000000000,11,3,463,3
,05536255,76,6032,60320000.000000000000000,0,900,900,97.453746684350136,253.963619590454130,587841.000000000000000,11,0,463,3
,05536270,77,4583,45830000.000000000000000,0,900,900,78.759327951123723,226.741915042748360,360954.000000000000000,11,0,463,0
,05536275,78,3778,37780000.000000000000000,0,900,900,96.172048703017467,248.589466086379930,363338.000000000000000,11,0,463,0
,05536290,79,29002,290020000.000000000000000,0,900,900,105.568202192952210,225.543805178686170,3061689.000000000000000,11,3,7,7
,05536340,80,3307,33070000.000000000000000,0,900,900,100.379498034472330,252.020246479546470,331955.000000000000000,11,0,463,6
,05536500,81,2908,29080000.000000000000000,0,900,900,51.790233837689136,197.692303643193810,150606.000000000000000,10,0,187,3
,05536995,82,85001,850010000.000000000000000,0,900,900,352.354760532229020,335.754134981449060,29950507.000000000000000,11,463,7,187
,05537500,83,5456,54560000.000000000000000,0,900,900,24.077895894428153,125.281550874078750,131369.000000000000000,10,3,187,3
,05537980,84,25380,253800000.000000000000000,0,900,900,160.949763593380620,313.349641630105570,4084905.000000000000000,11,0,7,6
,05539000,85,27804,278040000.000000000000000,0,900,900,85.276578909509425,241.418788569123310,2371030.000000000000000,11,0,463,3
,05539900,86,7177,71770000.000000000000000,0,900,900,94.383725790720362,257.142032139153120,677392.000000000000000,11,0,463,3
,05540060,87,4871,48710000.000000000000000,0,900,900,194.228084582221300,358.385549848172960,946085.000000000000000,11,0,7,0
,05540091,88,2061,20610000.000000000000000,0,900,900,60.710334788937409,169.239876773415690,125124.000000000000000,11,0,463,3
,05540095,89,9598,95980000.000000000000000,0,900,900,160.098458012085840,317.142272292560160,1536625.000000000000000,11,0,463,9
,05540130,90,8255,82550000.000000000000000,0,900,900,146.382556026650520,308.584007409783790,1208388.000000000000000,11,0,463,6
,05540160,91,6563,65630000.000000000000000,0,900,900,175.575346640255990,293.598252369053060,1152301.000000000000000,11,0,9,17
,05540195,92,2618,26180000.000000000000000,0,900,900,196.402979373567600,264.013087865128000,514183.000000000000000,11,80,6,80
,05540250,93,9464,94640000.000000000000000,0,900,900,107.970519864750630,266.164009360806860,1021833.000000000000000,11,0,463,3
,05540275,94,2468,24680000.000000000000000,0,900,900,124.733387358184770,308.318627791882020,307842.000000000000000,9,0,80,3
,05540500,95,29725,297250000.000000000000000,0,900,900,86.040235492010098,256.030723547876510,2557546.000000000000000,11,0,463,3
,05550500,96,9247,92470000.000000000000000,0,900,900,70.568616848707691,229.116995961670200,652548.000000000000000,10,0,187,0
,05551200,97,13395,133950000.000000000000000,0,900,900,24.679059350503920,131.825454200718270,330576.000000000000000,11,3,463,3
,05551330,98,7256,72560000.000000000000000,0,900,900,58.364939360529220,211.791183629404340,423496.000000000000000,11,3,463,3
,05551675,99,14745,147450000.000000000000000,0,900,900,28.805561207188877,141.091356724231100,424738.000000000000000,11,3,463,3
,05551700,100,3492,34920000.000000000000000,0,900,900,9.347651775486828,70.281788311442781,32642.000000000000000,10,3,187,3
,05579725,101,6463,64630000.000000000000000,0,900,900,59.192944453040383,215.395981415350320,382564.000000000000000,11,0,463,0
,05580950,102,8829,88290000.000000000000000,0,900,900,200.916185298448280,327.992757983334460,1773889.000000000000000,11,0,7,11
,06892513,103,15073,150730000.000000000000000,0,900,900,119.946991308963050,302.811365688626950,1807961.000000000000000,11,0,463,0
,06893300,104,6881,68810000.000000000000000,0,900,900,236.934747856416210,395.036277043597750,1630348.000000000000000,10,0,187,0
,06893390,105,9874,98740000.000000000000000,0,900,900,140.155256228478830,323.933618763508380,1383893.000000000000000,11,0,463,0
,06893400,106,89,890000.000000000000000,0,900,900,385.932584269662930,443.756836889957070,34348.000000000000000,5,900,9,9
,06893500,107,30884,308840000.000000000000000,0,900,900,36.435500582826059,170.911379760998050,1125274.000000000000000,11,0,463,0
,06893557,108,3396,33960000.000000000000000,0,900,900,127.318021201413430,271.036706936169140,432372.000000000000000,11,0,463,11
,06893560,109,674,6740000.000000000000000,0,900,900,513.080118694362000,420.780004957570160,345816.000000000000000,10,900,3,900
,06893562,110,620,6200000.000000000000000,0,900,900,240.333870967741940,299.752392141735920,149007.000000000000000,9,0,6,80
,06893578,111,13609,136090000.000000000000000,0,900,900,194.672349180689250,337.851380048586690,2649296.000000000000000,11,0,7,3
,06893620,112,2438,24380000.000000000000000,0,900,900,143.771123872026240,291.437639255297310,350514.000000000000000,11,0,9,9
,06893970,113,2173,21730000.000000000000000,0,900,900,108.817303267372300,257.361916804984450,236460.000000000000000,11,3,9,3
,07164600,114,3020,30200000.000000000000000,0,900,900,125.621192052980130,242.941444068856070,379376.000000000000000,11,80,463,80
,07165562,115,4652,46520000.000000000000000,0,900,900,117.110490111779880,287.200630036559860,544798.000000000000000,11,0,463,3
,07165565,116,1424,14240000.000000000000000,0,900,900,72.061095505617971,236.380224920849340,102615.000000000000000,9,0,7,0
,07177800,117,2165,21650000.000000000000000,0,900,900,336.960277136258640,284.262605537700890,729519.000000000000000,10,463,11,187
,04168580,118,2750,27500000.000000000000000,0,900,900,234.138181818181810,338.035657877529560,643880.000000000000000,11,80,9,80
,01451500,119,21227,212270000.000000000000000,0,900,900,54.687190841852356,173.257911787990930,1160845.000000000000000,11,3,463,6
,01451650,120,4174,41740000.000000000000000,0,900,900,127.775754671777680,257.641333186221000,533336.000000000000000,11,80,463,17
,01537500,121,4456,44560000.000000000000000,0,900,900,110.841786355475760,256.603403000892400,493911.000000000000000,11,0,7,3
,01569800,122,5970,59700000.000000000000000,0,900,900,97.812060301507543,239.810430133079880,583938.000000000000000,11,3,187,3
,01616000,123,4471,44710000.000000000000000,0,900,900,107.499888168195030,241.716058717273880,480632.000000000000000,11,3,9,6
,02423397,124,4391,43910000.000000000000000,0,900,900,53.687998178091554,182.426525366390680,235744.000000000000000,11,3,463,3
,02423630,125,18633,186330000.000000000000000,0,900,900,90.902162829388715,231.377438992132370,1693780.000000000000000,11,3,463,3
,02457000,126,5722,57220000.000000000000000,0,900,900,58.068857042991958,177.964659231528630,332270.000000000000000,11,0,463,9
,02457595,127,7850,78500000.000000000000000,0,900,900,91.695414012738851,232.306444529745080,719809.000000000000000,11,0,463,6
,02458300,128,6552,65520000.000000000000000,0,900,900,285.794261294261280,337.063760635663750,1872524.000000000000000,11,80,7,187
,02458450,129,1915,19150000.000000000000000,0,900,900,379.270496083550940,385.803331899785230,726303.000000000000000,11,900,9,187
,02458600,130,4925,49250000.000000000000000,0,900,900,112.781116751269040,231.263314905516070,555447.000000000000000,11,80,7,17
,02461500,131,13656,136560000.000000000000000,0,900,900,250.479496192149980,319.236630471103810,3420548.000000000000000,11,80,7,80
,02462000,132,24767,247670000.000000000000000,0,900,900,26.971655832357573,119.140346900430100,668007.000000000000000,11,3,463,3
,03049658,133,4492,44920000.000000000000000,0,900,900,53.185440783615313,123.440054821855970,238909.000000000000000,11,80,463,17
,03049676,134,2210,22100000.000000000000000,0,900,900,52.421266968325789,162.055619747071600,115851.000000000000000,11,11,463,11
,03049807,135,15395,153950000.000000000000000,0,900,900,51.146995777849952,139.383295423454400,787408.000000000000000,11,80,463,11
,03084000,136,1135,11350000.000000000000000,0,900,900,46.625550660792953,164.609241900234450,52920.000000000000000,9,17,900,9
,03084698,137,30305,303050000.000000000000000,0,900,900,72.674575152615077,185.799855475390420,2202403.000000000000000,11,80,463,11
,03084800,138,4003,40030000.000000000000000,0,900,900,137.887834124406710,224.955449908527020,551965.000000000000000,11,80,6,80
,03085049,139,1587,15870000.000000000000000,0,900,900,351.512917454316320,244.175967833224460,557851.000000000000000,6,463,11,463
,03085213,140,4667,46670000.000000000000000,0,900,900,284.788086565245350,216.061490534051980,1329106.000000000000000,11,463,7,187
,03085956,141,6713,67130000.000000000000000,0,900,900,154.842842246387620,321.551333572009980,1039460.000000000000000,11,0,463,6
,03491544,142,1247,12470000.000000000000000,0,900,900,88.991178829190062,213.109218044482930,110972.000000000000000,11,3,463,9
,03535400,143,22498,224980000.000000000000000,0,900,900,35.973419859543071,148.174881316486190,809330.000000000000000,10,3,187,6
,03538250,144,5045,50450000.000000000000000,0,900,900,129.918533201189290,273.926532118455330,655439.000000000000000,11,0,6,0
,06918493,145,3978,39780000.000000000000000,0,900,900,126.786827551533430,310.139193855031290,504358.000000000000000,9,0,7,0
,07019072,146,1007,10070000.000000000000000,0,900,900,139.840119165839130,324.290540681894410,140819.000000000000000,9,0,17,0
,07019150,147,1320,13200000.000000000000000,0,900,900,111.740151515151510,292.823299536584330,147497.000000000000000,9,3,80,3
,07019175,148,1322,13220000.000000000000000,0,900,900,96.996217851739786,263.967845456628650,128229.000000000000000,10,3,187,3
,07019185,149,3003,30030000.000000000000000,0,900,900,118.633033633033630,299.503115873502400,356255.000000000000000,10,0,187,3
,07019195,150,653,6530000.000000000000000,0,900,900,241.245022970903530,397.077487502957070,157533.000000000000000,9,0,9,3
,07019220,151,1115,11150000.000000000000000,0,900,900,188.208968609865480,362.980517223293420,209853.000000000000000,10,0,187,3
,07048480,152,223,2230000.000000000000000,0,900,900,276.941704035874470,385.919031460918010,61758.000000000000000,10,900,9,80
,07048490,153,343,3430000.000000000000000,0,900,900,269.294460641399440,298.371875797119290,92368.000000000000000,10,80,6,187
,07052000,154,5031,50310000.000000000000000,0,900,900,369.928642417014490,418.689925960846040,1861111.000000000000000,11,900,7,80
,07052100,155,4112,41120000.000000000000000,0,900,900,171.922665369649790,339.432168962736850,706946.000000000000000,11,0,463,3
,07052120,156,2733,27330000.000000000000000,0,900,900,281.245883644346860,412.816304686034240,768645.000000000000000,10,0,187,3
,07052152,157,1205,12050000.000000000000000,0,900,900,83.269709543568467,258.932249496612940,100340.000000000000000,9,0,80,0
,07195000,158,33596,335960000.000000000000000,0,900,900,37.871115609001073,161.842602295947900,1272318.000000000000000,11,3,463,3
,07263580,159,4987,49870000.000000000000000,0,900,900,80.783436936033681,235.492428328935570,402867.000000000000000,11,0,463,3
,010965852,160,12334,123340000.000000000000000,0,900,900,43.973731149667586,161.789044585908580,542372.000000000000000,11,3,463,6
,01097300,161,3090,30900000.000000000000000,0,900,900,56.631067961165051,198.489903729832630,174990.000000000000000,11,3,463,6
,01097380,162,9144,91440000.000000000000000,0,900,900,46.203740157480318,143.900049851767110,422487.000000000000000,11,0,463,7
,01100600,163,9655,96550000.000000000000000,0,900,900,157.504816157431380,293.205759410046430,1520709.000000000000000,11,80,463,17
,01100627,164,9735,97350000.000000000000000,0,900,900,116.408012326656390,244.661119337259860,1133232.000000000000000,11,80,463,17
,01102500,165,5953,59530000.000000000000000,0,900,900,260.526625230975980,316.688207019609370,1550915.000000000000000,11,80,3,80
,01103025,166,2161,21610000.000000000000000,0,900,900,388.291068949560380,258.834770046314700,839097.000000000000000,7,463,11,463
,01103280,167,16950,169500000.000000000000000,0,900,900,81.597758112094397,211.540349577565730,1383082.000000000000000,11,0,463,9
,01103500,168,30423,304230000.000000000000000,0,900,900,53.669887913749463,143.843214590516170,1632799.000000000000000,11,0,463,9
,01104200,169,7515,75150000.000000000000000,0,900,900,187.746640053226880,268.742427915462770,1410916.000000000000000,11,0,7,80
,01105600,170,1269,12690000.000000000000000,0,900,900,174.939322301024420,276.776027729040610,221998.000000000000000,11,80,7,80
,01105638,171,3812,38120000.000000000000000,0,900,900,75.564795383001055,189.124113960955190,288053.000000000000000,11,0,463,11
,01105730,172,7942,79420000.000000000000000,0,900,900,81.990934273482750,173.970913631081740,651172.000000000000000,11,80,463,17
,01105933,173,6829,68290000.000000000000000,0,900,900,85.786352320984037,230.047596827221470,585835.000000000000000,11,0,463,6
,01106500,174,10473,104730000.000000000000000,0,900,900,160.769407046691500,249.449701632254260,1683738.000000000000000,11,80,7,80
,01108320,175,5807,58070000.000000000000000,0,900,900,27.303771310487342,108.812360826687180,158553.000000000000000,11,3,463,6
,01108410,176,6667,66670000.000000000000000,0,900,900,54.133193340332980,159.497009984003710,360906.000000000000000,11,0,187,6
,01108500,177,5182,51820000.000000000000000,0,900,900,55.103241991509073,178.771032783266380,285545.000000000000000,11,0,463,6
,01109000,178,6110,61100000.000000000000000,0,900,900,67.710801963993447,203.925573690709940,413713.000000000000000,11,3,463,7
,01109060,179,10504,105040000.000000000000000,0,900,900,83.448400609291696,206.920024220869780,876542.000000000000000,11,80,463,11
,01110000,180,6612,66120000.000000000000000,0,900,900,144.505142165759220,240.905611047009870,955468.000000000000000,11,80,7,80
,01114000,181,6040,60400000.000000000000000,0,900,900,216.570695364238420,301.693279237812700,1308087.000000000000000,11,0,6,80
,01116905,182,4084,40840000.000000000000000,0,900,900,64.852105778648379,217.768699162526250,264856.000000000000000,10,6,187,6
,01117000,183,1890,18900000.000000000000000,0,900,900,110.256613756613760,256.117227357669040,208385.000000000000000,11,80,463,11
,01189000,184,11648,116480000.000000000000000,0,900,900,69.077438186813183,154.150522535953290,804614.000000000000000,11,3,900,7
,01195490,185,4776,47760000.000000000000000,0,900,900,96.570142378559467,210.271294461111810,461219.000000000000000,11,80,463,11
,01196500,186,23813,238130000.000000000000000,0,900,900,88.673245706126906,207.193094467932380,2111576.000000000000000,11,3,463,11
,01201487,187,15546,155460000.000000000000000,0,900,900,95.823234272481670,214.088465011265900,1489668.000000000000000,11,80,463,11
,01300000,188,2427,24270000.000000000000000,0,900,900,123.310671611042440,250.654222480827510,299275.000000000000000,11,80,7,17
,01300500,189,1170,11700000.000000000000000,0,900,900,159.090598290598280,199.610784518831170,186136.000000000000000,11,80,11,80
,01301000,190,5781,57810000.000000000000000,0,900,900,161.436775644352200,249.577369853315820,933266.000000000000000,11,80,6,80
,01356190,191,4078,40780000.000000000000000,0,900,900,95.706228543403626,178.298058489311980,390290.000000000000000,11,80,7,80
,01376500,192,6246,62460000.000000000000000,0,900,900,185.569964777457590,275.626271110922460,1159070.000000000000000,11,80,9,80
,01377370,193,3542,35420000.000000000000000,0,900,900,101.303500846979110,180.410921831651050,358817.000000000000000,11,80,7,80
,01391000,194,4243,42430000.000000000000000,0,900,900,86.249351873674286,143.067377056993220,365956.000000000000000,11,80,463,80
,01391500,195,10430,104300000.000000000000000,0,900,900,126.037200383509100,204.896434697390330,1314568.000000000000000,11,80,7,80
,03098500,196,17451,174510000.000000000000000,0,900,900,54.867113632456594,154.988618375855570,957486.000000000000000,11,3,463,7
,03098700,197,3267,32670000.000000000000000,0,900,900,54.682277318640956,137.185813460101430,178647.000000000000000,11,80,900,11
,03115973,198,903,9030000.000000000000000,0,900,900,116.529346622369870,271.773338423117200,105226.000000000000000,11,0,463,7
,03118500,199,45392,453920000.000000000000000,0,900,900,102.490306661966870,233.707505422357680,4652240.000000000000000,11,3,463,9
,03130500,200,1215,12150000.000000000000000,0,900,900,153.758847736625510,291.752232023772760,186817.000000000000000,11,80,463,17
,04206043,201,6700,67000000.000000000000000,0,900,900,83.900895522388055,215.452338530595940,562136.000000000000000,11,3,463,9
,04207200,202,22240,222400000.000000000000000,0,900,900,87.906564748201433,239.031903314657600,1955042.000000000000000,11,3,463,6
,04208460,203,4681,46810000.000000000000000,0,900,900,281.031617175817130,279.394420710991030,1315509.000000000000000,11,463,6,187
,04216200,204,3958,39580000.000000000000000,0,900,900,226.572258716523490,298.895435331070470,896773.000000000000000,11,80,7,80
,04240100,205,2598,25980000.000000000000000,0,900,900,65.668591224018471,123.689490003299480,170607.000000000000000,11,80,900,17
,04240120,206,7583,75830000.000000000000000,0,900,900,280.621389951206650,354.494120542892920,2127952.000000000000000,11,900,7,80
,04282813,207,1778,17780000.000000000000000,0,900,900,129.917885264341950,279.692324540335730,230994.000000000000000,11,80,463,11
,04292770,208,339,3390000.000000000000000,0,900,900,121.831858407079650,234.132815445054040,41301.000000000000000,11,3,6,3
,01302500,209,3051,30510000.000000000000000,0,900,900,115.293674205178630,199.937644219011360,351761.000000000000000,11,17,6,17
,01303500,210,1908,19080000.000000000000000,0,900,900,33.114779874213838,107.670487556107930,63183.000000000000000,11,0,463,11
,01304000,211,5792,57920000.000000000000000,0,900,900,101.116712707182320,232.435158895660980,585668.000000000000000,11,80,463,17
,01305000,212,19014,190140000.000000000000000,0,900,900,41.485957715367626,133.047004490707140,788814.000000000000000,11,0,463,6
,01305500,213,2132,21320000.000000000000000,0,900,900,86.011257035647276,216.125664545317990,183376.000000000000000,11,80,463,11
,01306000,214,3627,36270000.000000000000000,0,900,900,121.225530741659770,250.256634484184640,439685.000000000000000,11,80,463,17
,01306440,215,4136,41360000.000000000000000,0,900,900,100.828336557059960,191.561105617591690,417026.000000000000000,11,80,463,80
,01306460,216,1391,13910000.000000000000000,0,900,900,151.922358015815970,283.968960767065250,211324.000000000000000,11,80,463,80
,01306500,217,1654,16540000.000000000000000,0,900,900,137.143288996372430,304.920237593604440,226835.000000000000000,11,0,463,0
,01307000,218,1403,14030000.000000000000000,0,900,900,194.067712045616530,305.717081822162240,272277.000000000000000,11,80,6,80
,01307500,219,1118,11180000.000000000000000,0,900,900,206.389982110912340,293.748970946014140,230744.000000000000000,8,80,9,80
,01308000,220,5830,58300000.000000000000000,0,900,900,126.073756432247000,265.559998707134870,735010.000000000000000,11,80,463,17
,01308500,221,9401,94010000.000000000000000,0,900,900,87.372939049037342,197.391435579385870,821393.000000000000000,11,80,463,17
,01309000,222,993,9930000.000000000000000,0,900,900,204.133937562940590,319.439607478607340,202705.000000000000000,10,0,6,80
,01309500,223,9426,94260000.000000000000000,0,900,900,194.153193295141110,308.204100451991620,1830088.000000000000000,11,0,7,80
,01309950,224,3785,37850000.000000000000000,0,900,900,289.554293262879810,254.109843780477260,1095963.000000000000000,11,187,7,187
,01310000,225,210,2100000.000000000000000,0,900,900,232.342857142857160,292.784491801488340,48792.000000000000000,9,80,3,80
,01310500,226,7790,77900000.000000000000000,0,900,900,193.877406931964060,292.457793477631360,1510305.000000000000000,11,80,6,80
,01311000,227,2634,26340000.000000000000000,0,900,900,291.926727410782060,281.071704885362180,768935.000000000000000,11,463,7,187
,01311500,228,1812,18120000.000000000000000,0,900,900,363.342715231788080,194.628754795043110,658377.000000000000000,6,463,17,463
,01311810,229,3359,33590000.000000000000000,0,900,900,432.535873771955950,217.146412089130850,1452888.000000000000000,9,463,11,463
,01405500,230,24584,245840000.000000000000000,0,900,900,33.958224861698667,136.458845811120030,834829.000000000000000,11,3,463,3
,01406050,231,4053,40530000.000000000000000,0,900,900,26.417221811004193,129.829848865853530,107069.000000000000000,10,3,187,3
,01407290,232,1695,16950000.000000000000000,0,900,900,34.146902654867255,150.496814265205530,57879.000000000000000,10,3,187,3
,01407760,233,1635,16350000.000000000000000,0,900,900,47.855045871559632,142.535186161561680,78243.000000000000000,10,80,187,9
,01408120,234,9158,91580000.000000000000000,0,900,900,29.383599039091504,123.643645983229450,269095.000000000000000,11,3,463,6
,01467081,235,2326,23260000.000000000000000,0,900,900,179.491401547721410,338.982280972659230,417497.000000000000000,11,0,463,11
,01467150,236,4699,46990000.000000000000000,0,900,900,115.689721217280270,240.930447761047760,543626.000000000000000,11,80,463,11
,01475000,237,1563,15630000.000000000000000,0,900,900,23.786948176583493,93.542378726851240,37179.000000000000000,11,0,463,3
,02233200,238,6861,68610000.000000000000000,0,900,900,25.419180877423116,131.334604639132780,174401.000000000000000,10,0,187,0
,02233475,239,12039,120390000.000000000000000,0,900,900,46.773236979815600,186.213462243747640,563103.000000000000000,11,0,463,3
,02234308,240,5918,59180000.000000000000000,0,900,900,147.169820885434260,266.026078303642580,870951.000000000000000,11,0,7,17
,02234324,241,2608,26080000.000000000000000,0,900,900,50.258435582822088,181.996612056396770,131074.000000000000000,10,0,187,3
,02234344,242,6229,62290000.000000000000000,0,900,900,47.906405522555787,192.718041312926150,298409.000000000000000,10,0,187,3
,02234384,243,4642,46420000.000000000000000,0,900,900,76.711762171477815,244.730830313339140,356096.000000000000000,10,0,187,0
,02234400,244,4270,42700000.000000000000000,0,900,900,61.237470725995315,208.006508412791080,261484.000000000000000,10,0,187,3
,02234990,245,10778,107780000.000000000000000,0,900,900,122.323436630172580,284.394719233139030,1318402.000000000000000,11,0,463,6
,02235000,246,33857,338570000.000000000000000,0,900,900,23.876864459343711,133.018333329434650,808399.000000000000000,11,0,463,0
,02240954,247,9468,94680000.000000000000000,0,900,900,38.327207435572454,146.811140644211320,362882.000000000000000,11,0,463,3
,02246459,248,5610,56100000.000000000000000,0,900,900,132.047950089126570,289.945678759436300,740789.000000000000000,11,3,463,9
,02246828,249,6382,63820000.000000000000000,0,900,900,93.416953932936380,260.601372683087960,596187.000000000000000,11,0,463,0
,02262900,250,21007,210070000.000000000000000,0,900,900,142.549197886418820,304.676648884194490,2994531.000000000000000,11,0,7,0
,02263800,251,27085,270850000.000000000000000,0,900,900,120.091932804135130,296.419875873560610,3252690.000000000000000,11,0,463,0
,02264000,252,6923,69230000.000000000000000,0,900,900,13.684385382059801,94.247069419624196,94737.000000000000000,10,0,187,0
,02264100,253,4216,42160000.000000000000000,0,900,900,115.451375711574950,300.697990999734320,486743.000000000000000,7,0,9,0
,02293055,254,19079,190790000.000000000000000,0,900,900,12.925729860055558,102.534392926246470,246610.000000000000000,9,0,80,0
,02293190,255,1290,12900000.000000000000000,0,900,900,100.569767441860460,250.245201025674080,129735.000000000000000,11,0,463,6
,02299861,256,1403,14030000.000000000000000,0,900,900,122.640057020670000,286.533031870096240,172064.000000000000000,10,3,187,7
,02301738,257,761,7610000.000000000000000,0,900,900,102.572930354796330,281.097212439893670,78058.000000000000000,9,0,11,3
,02301750,258,3593,35930000.000000000000000,0,900,900,151.102699693849160,331.186017868119390,542912.000000000000000,10,0,187,0
,02303205,259,5731,57310000.000000000000000,0,900,900,76.771593090211127,221.721494719426860,439978.000000000000000,11,3,463,6
,02303300,260,9427,94270000.000000000000000,0,900,900,22.895512888511721,124.129533522957570,215836.000000000000000,11,3,463,3
,02303350,261,4222,42220000.000000000000000,0,900,900,38.295831359545240,180.260248929325830,161685.000000000000000,8,0,17,0
,02306500,262,1362,13620000.000000000000000,0,900,900,102.655653450807630,276.975323865586860,139817.000000000000000,10,0,187,0
,02306647,263,2835,28350000.000000000000000,0,900,900,177.673015873015880,348.338927519299890,503703.000000000000000,10,0,187,0
,02306950,264,4197,41970000.000000000000000,0,900,900,23.027638789611629,130.174901857463620,96647.000000000000000,9,0,80,0
,02307000,265,6514,65140000.000000000000000,0,900,900,34.156585815167332,163.142004162093850,222496.000000000000000,10,3,187,3
,02307668,266,767,7670000.000000000000000,0,900,900,250.160365058670150,379.167363491750510,191873.000000000000000,11,0,463,17
,02307671,267,442,4420000.000000000000000,0,900,900,151.169683257918560,310.188996079873730,66817.000000000000000,9,0,9,0
,02307697,268,955,9550000.000000000000000,0,900,900,70.737172774869109,218.251392180818500,67554.000000000000000,10,0,187,7
,02308935,269,675,6750000.000000000000000,0,900,900,250.977777777777790,313.694493196371520,169410.000000000000000,11,80,6,80
,02309415,270,116,1160000.000000000000000,0,900,900,221.594827586206890,382.690024433394850,25705.000000000000000,8,3,17,6
,02309421,271,686,6860000.000000000000000,0,900,900,143.825072886297360,314.964279081450570,98664.000000000000000,10,0,187,7
,02309848,272,2355,23550000.000000000000000,0,900,900,54.813163481953289,211.687499309424820,129085.000000000000000,8,0,17,3
,02310525,273,8484,84840000.000000000000000,0,900,900,31.298326261197548,161.706708686319790,265535.000000000000000,9,0,80,0
,08068325,274,10547,105470000.000000000000000,0,900,900,34.935716317436238,163.778961278177600,368467.000000000000000,10,3,187,3
,08069000,275,72679,726790000.000000000000000,0,900,900,23.456266596953729,137.221038998074530,1704778.000000000000000,11,0,463,0
,08072760,276,4910,49100000.000000000000000,0,900,900,24.978004073319756,146.100385113920310,122642.000000000000000,9,0,9,0
,08074020,277,10435,104350000.000000000000000,0,900,900,141.598562529947290,324.974421223116110,1477581.000000000000000,10,0,187,0
,08074150,278,2259,22590000.000000000000000,0,900,900,391.040725984949120,442.610881385705570,883361.000000000000000,10,900,187,3
,08074500,279,11952,119520000.000000000000000,0,900,900,210.210006693440420,342.181180929923470,2512430.000000000000000,11,0,7,17
,08074760,280,4223,42230000.000000000000000,0,900,900,102.744257636751130,285.184506331827380,433889.000000000000000,9,0,80,0
,08075000,281,22203,222030000.000000000000000,0,900,900,166.137684096743670,315.496241926170000,3688755.000000000000000,11,0,463,11
,08075400,282,5040,50400000.000000000000000,0,900,900,74.165079365079364,231.271501211482500,373792.000000000000000,10,0,187,3
,08075500,283,11172,111720000.000000000000000,0,900,900,119.491586108127460,261.721413187982710,1334960.000000000000000,11,3,463,7
,08075605,284,1294,12940000.000000000000000,0,900,900,145.299072642967530,284.028261838671140,188017.000000000000000,10,80,187,17
,08075730,285,2389,23890000.000000000000000,0,900,900,141.078275429049820,281.122171536920290,337036.000000000000000,11,80,463,17
,08075763,286,2344,23440000.000000000000000,0,900,900,303.733788395904410,304.824721556497420,711952.000000000000000,9,187,9,187
,08075770,287,2436,24360000.000000000000000,0,900,900,364.581280788177370,384.898445281308910,888120.000000000000000,11,900,7,187
,08075900,288,8324,83240000.000000000000000,0,900,900,101.557184046131670,278.621838264440610,845362.000000000000000,9,0,7,0
,08076000,289,7102,71020000.000000000000000,0,900,900,241.055899746550270,392.372581331383800,1711979.000000000000000,10,0,187,3
,08076500,290,7479,74790000.000000000000000,0,900,900,125.333600748763200,268.071010010582030,937370.000000000000000,11,80,463,17
,08076997,291,8479,84790000.000000000000000,0,900,900,41.936195306050244,184.964963063897560,355577.000000000000000,10,0,187,0
,08077000,292,361,3610000.000000000000000,0,900,900,175.346260387811640,355.427617752313320,63300.000000000000000,7,0,3,0
,08116400,293,2475,24750000.000000000000000,0,900,900,60.445252525252528,186.640733406055720,149602.000000000000000,11,3,463,3
,02300042,294,16747,167470000.000000000000000,0,900,900,39.850062697796623,182.744607905031050,667369.000000000000000,9,0,80,0
,01393450,295,4575,45750000.000000000000000,0,900,900,396.022295081967230,251.390493591059710,1811802.000000000000000,8,463,9,463
,01393500,296,388,3880000.000000000000000,3,900,897,438.791237113402080,137.206820430678050,170251.000000000000000,6,463,3,463
,01394500,297,6649,66490000.000000000000000,0,900,900,212.469393893818620,224.891253285070090,1412709.000000000000000,11,80,6,187
,01395000,298,4362,43620000.000000000000000,0,900,900,235.671251719394770,248.499088557637410,1027998.000000000000000,11,80,6,187
,01396000,299,5262,52620000.000000000000000,0,900,900,101.415621436716080,165.583448388019800,533649.000000000000000,11,80,900,80
,01402600,300,160,1600000.000000000000000,0,80,80,24.843750000000000,27.554842331929610,3975.000000000000000,8,17,0,17
,01403400,301,1631,16310000.000000000000000,0,900,900,54.384426732066217,154.943675540795650,88701.000000000000000,11,0,7,7
,01403500,302,1513,15130000.000000000000000,0,900,900,240.875743555849310,237.301221145259570,364445.000000000000000,11,463,7,187
,01403900,303,9293,92930000.000000000000000,0,900,900,196.618530076401580,272.484280393107270,1827176.000000000000000,11,80,6,80
,01405000,304,8443,84430000.000000000000000,0,900,900,81.589363970152789,235.877196433511220,688859.000000000000000,10,0,187,3
,01465798,305,5471,54710000.000000000000000,0,900,900,175.519831840614160,297.990789487376670,960269.000000000000000,11,80,463,80
,01467042,306,9828,98280000.000000000000000,0,900,900,130.614774114774120,236.535606528401790,1283682.000000000000000,11,80,7,80
,01467048,307,3126,31260000.000000000000000,0,900,900,180.997440818937950,236.032558168409310,565798.000000000000000,11,80,7,80
,01467086,308,4184,41840000.000000000000000,0,900,900,233.847992351816430,204.582226758654630,978420.000000000000000,11,463,7,187
,01467087,309,3521,35210000.000000000000000,0,900,900,438.604941777904000,251.744257350152140,1544328.000000000000000,8,463,9,463
,01473120,310,13806,138060000.000000000000000,0,900,900,45.672461248732432,142.210575592518470,630554.000000000000000,11,3,463,9
,01473169,311,5420,54200000.000000000000000,0,900,900,109.872324723247230,263.482102590233980,595508.000000000000000,11,0,463,7
,01473900,312,10471,104710000.000000000000000,0,900,900,100.661732403781870,209.421012615484390,1054029.000000000000000,11,80,7,17
,01474000,313,6028,60280000.000000000000000,0,900,900,147.395321831453230,193.416442416597140,888499.000000000000000,11,80,900,80
,01475510,314,9808,98080000.000000000000000,0,900,900,134.330444535073410,184.570490350886870,1317513.000000000000000,11,80,900,80
,01475530,315,1477,14770000.000000000000000,0,900,900,292.871360866621560,198.676115205778440,432571.000000000000000,11,463,3,187
,01475548,316,3604,36040000.000000000000000,0,900,900,339.061875693673700,224.845873466976740,1221979.000000000000000,11,463,3,463
,01475550,317,537,5370000.000000000000000,0,900,900,359.517690875232800,252.333785039791680,193061.000000000000000,5,463,900,463
,01477000,318,15732,157320000.000000000000000,0,900,900,52.116641240783117,162.100782468173150,819899.000000000000000,11,3,463,9
,01477800,319,1897,18970000.000000000000000,0,900,900,85.506589351607801,164.286335671496060,162206.000000000000000,11,80,900,17
,01478000,320,5402,54020000.000000000000000,0,900,900,69.621436504998144,212.332477181215210,376095.000000000000000,11,3,463,6
,01581500,321,2173,21730000.000000000000000,0,900,900,39.398527381500230,129.901245501100020,85613.000000000000000,11,3,463,7
,01581752,322,656,6560000.000000000000000,0,900,900,127.272865853658530,283.803097957156870,83491.000000000000000,11,3,463,9
,01583600,323,5380,53800000.000000000000000,0,900,900,112.962639405204460,282.869162515688910,607739.000000000000000,11,3,463,6
,0158397967,324,579,5790000.000000000000000,0,900,900,126.174438687392050,244.078384949321220,73055.000000000000000,11,80,0,17
,01585090,325,699,6990000.000000000000000,0,900,900,122.580829756795420,211.302460647542740,85684.000000000000000,11,80,7,80
,01585095,326,343,3430000.000000000000000,0,900,900,53.586005830903787,77.462474933493596,18380.000000000000000,10,80,900,17
,01585100,327,948,9480000.000000000000000,0,900,900,122.657172995780580,279.080421052414350,116279.000000000000000,10,0,187,11
,01585104,328,602,6020000.000000000000000,0,900,900,25.137873754152825,99.257689698329386,15133.000000000000000,10,0,187,6
,01585200,329,608,6080000.000000000000000,0,900,900,226.297697368421040,227.551986240652950,137589.000000000000000,8,80,7,187
,01585230,330,918,9180000.000000000000000,0,900,900,328.172113289760380,180.171991196950100,301262.000000000000000,9,463,9,463
,01585300,331,1162,11620000.000000000000000,0,900,900,155.885542168674700,231.378250526683420,181139.000000000000000,11,80,9,80
,01585400,332,505,5050000.000000000000000,0,900,900,326.542574257425770,339.268138748115860,164904.000000000000000,11,187,3,187
,01589100,333,650,6500000.000000000000000,0,900,900,297.483076923076910,281.069940143144830,193364.000000000000000,10,463,9,187
,01589197,334,1069,10690000.000000000000000,0,900,900,51.001870907390085,104.442311549369990,54521.000000000000000,11,80,463,17
,01589290,335,874,8740000.000000000000000,0,900,900,55.607551487414185,64.898022364471416,48601.000000000000000,10,80,900,80
,01589300,336,6531,65310000.000000000000000,0,900,900,74.643086816720256,193.770639260223160,487494.000000000000000,11,80,463,9
,01589305,337,922,9220000.000000000000000,0,900,900,313.393709327548830,291.066835068333430,288949.000000000000000,10,463,6,187
,01589312,338,203,2030000.000000000000000,0,900,900,99.482758620689651,188.308816293523140,20195.000000000000000,10,80,3,80
,01589317,339,125,1250000.000000000000000,0,900,900,354.928000000000000,430.919745214813760,44366.000000000000000,7,900,17,9
,01589330,340,1103,11030000.000000000000000,0,900,900,193.288304623753390,321.332369481281490,213197.000000000000000,11,80,463,80
,01589352,341,5114,51140000.000000000000000,0,900,900,293.911810715682460,260.128671879957610,1503065.000000000000000,11,463,7,187
,01589500,342,1256,12560000.000000000000000,0,900,900,133.765923566878970,296.328554826691800,168010.000000000000000,11,0,463,6
,01593500,343,9812,98120000.000000000000000,0,900,900,36.177639624949045,163.486618338248350,354975.000000000000000,11,0,463,3
,01594400,344,3094,30940000.000000000000000,0,900,900,206.498707175177770,366.460653152022020,638907.000000000000000,10,0,187,7
,01594500,345,7902,79020000.000000000000000,0,900,900,51.516324981017462,185.112185058711110,407082.000000000000000,10,0,187,3
,01594526,346,15478,154780000.000000000000000,0,900,900,59.466016281173275,206.402606637884530,920415.000000000000000,11,0,463,3
,01644371,347,115,1150000.000000000000000,0,80,80,7.834782608695652,18.472979296344587,901.000000000000000,8,3,6,3
,01644375,348,332,3320000.000000000000000,0,900,900,55.596385542168676,202.751895358028780,18458.000000000000000,10,0,187,3
,01644600,349,13910,139100000.000000000000000,0,900,900,37.023508267433499,158.500820008627610,514997.000000000000000,10,0,187,3
,01645200,350,969,9690000.000000000000000,0,900,900,193.589267285861720,349.101988948356510,187588.000000000000000,11,0,463,3
,01645704,351,1428,14280000.000000000000000,0,900,900,116.002100840336140,288.274232127590150,165651.000000000000000,11,0,463,3
,01646000,352,13580,135800000.000000000000000,0,900,900,36.488733431516934,157.365639741176840,495517.000000000000000,11,0,463,3
,01646305,353,540,5400000.000000000000000,0,900,900,93.564814814814810,202.410513979413000,50525.000000000000000,10,80,3,17
,01646550,354,1058,10580000.000000000000000,0,900,900,249.500945179584110,248.473438461809850,263972.000000000000000,11,463,7,187
,01647850,355,710,7100000.000000000000000,0,900,900,54.681690140845070,117.594002326049420,38824.000000000000000,11,80,463,17
,01649190,356,3399,33990000.000000000000000,0,900,900,34.761106207708153,124.949741020871640,118153.000000000000000,10,0,187,7
,01649500,357,15414,154140000.000000000000000,0,900,900,122.300311405216040,266.693646640841340,1885137.000000000000000,11,0,7,3
,01650800,358,1672,16720000.000000000000000,0,900,900,232.692583732057410,230.670753248714020,389062.000000000000000,11,187,3,187
,01651000,359,11110,111100000.000000000000000,0,900,900,100.508550855085500,182.719282385592090,1116650.000000000000000,11,0,900,11
,01651800,360,859,8590000.000000000000000,0,900,900,217.372526193247950,199.793813367326690,186723.000000000000000,11,463,7,187
,01652500,361,3469,34690000.000000000000000,0,900,900,275.807149034303850,224.687983896421200,956775.000000000000000,11,463,3,187
,01653500,362,4485,44850000.000000000000000,0,900,900,121.939130434782610,248.564394633037610,546897.000000000000000,11,80,463,17
,01654000,363,6039,60390000.000000000000000,0,900,900,103.496439807915220,245.073066710186510,625015.000000000000000,11,0,463,11
,01656903,364,1086,10860000.000000000000000,0,900,900,20.863720073664826,115.597024336772990,22658.000000000000000,10,0,187,0
,01657000,365,37164,371640000.000000000000000,0,900,900,51.654907975460119,201.552289361767830,1919703.000000000000000,11,0,463,0
,01673500,366,1515,15150000.000000000000000,0,900,900,51.209900990099008,201.799346886010910,77583.000000000000000,9,0,80,3
,02038000,367,8800,88000000.000000000000000,0,900,900,32.740227272727275,152.239711609216580,288114.000000000000000,10,0,187,3
,0208675010,368,1562,15620000.000000000000000,0,900,900,176.249039692701670,294.866690210808260,275301.000000000000000,11,80,6,17
,02086849,369,4157,41570000.000000000000000,0,900,900,181.853019004089480,278.300888354045410,755963.000000000000000,11,80,7,80
,0208732885,370,1790,17900000.000000000000000,0,900,900,189.569273743016770,356.662078860702420,339329.000000000000000,10,0,187,6
,0208735012,371,314,3140000.000000000000000,0,900,900,291.783439490445860,381.695151620158130,91620.000000000000000,11,0,7,80
,02093877,372,1379,13790000.000000000000000,0,900,900,128.803480783176210,312.162779610423850,177620.000000000000000,10,0,187,0
,0209399200,373,4114,41140000.000000000000000,0,900,900,109.224598930481280,279.523960075592300,449350.000000000000000,11,0,463,6
,02094659,374,1927,19270000.000000000000000,0,900,900,206.757135443694860,357.216605635382790,398421.000000000000000,11,0,463,11
,02094770,375,2133,21330000.000000000000000,0,900,900,206.111111111111110,317.100489474656000,439635.000000000000000,11,80,463,80
,02094775,376,979,9790000.000000000000000,0,900,900,150.584269662921340,297.846938153934960,147422.000000000000000,10,80,187,17
,02095000,377,3847,38470000.000000000000000,0,900,900,196.695606966467380,324.382641155415060,756688.000000000000000,11,80,7,17
,02095181,378,2485,24850000.000000000000000,0,900,900,163.098591549295780,276.935813877650390,405300.000000000000000,11,80,7,80
,02095271,379,1285,12850000.000000000000000,0,900,900,387.877821011673180,332.499642570708490,498423.000000000000000,8,900,11,187
,02095500,380,5839,58390000.000000000000000,0,900,900,136.965918821716060,260.887285532140080,799744.000000000000000,11,80,463,17
,0209722970,381,1211,12110000.000000000000000,0,900,900,151.975227085053690,284.343913225313320,184042.000000000000000,11,0,7,17
,02097280,382,3841,38410000.000000000000000,0,900,900,112.032283259567820,224.631463632670460,430316.000000000000000,11,0,7,17
,0209741955,383,5487,54870000.000000000000000,0,900,900,91.519774011299432,261.854123222889310,502169.000000000000000,10,0,187,0
,02099000,384,3765,37650000.000000000000000,0,900,900,270.186985391766260,410.400290573238640,1017254.000000000000000,9,3,80,3
,02115860,385,47328,473280000.000000000000000,0,900,900,77.895368492224478,206.931685862208240,3686632.000000000000000,11,3,463,9
,0212414900,386,9286,92860000.000000000000000,0,900,900,68.839328020676291,228.060399450882760,639242.000000000000000,11,0,463,3
,02142654,387,2625,26250000.000000000000000,0,900,900,56.448000000000000,192.694510908056830,148176.000000000000000,10,3,187,3
,0214265808,388,1877,18770000.000000000000000,0,900,900,50.387852956846032,181.204655405635860,94578.000000000000000,11,3,463,6
,0214266000,389,2294,22940000.000000000000000,0,900,900,11.390584132519617,85.639091949974841,26130.000000000000000,9,3,80,3
,02142900,390,4265,42650000.000000000000000,0,900,900,101.401406799531060,275.918245189587990,432477.000000000000000,10,3,187,3
,02142914,391,1422,14220000.000000000000000,0,900,900,72.398030942334742,227.104387348205020,102950.000000000000000,10,3,187,6
,0214291555,392,2648,26480000.000000000000000,0,900,900,20.496223564954683,102.116133243077680,54274.000000000000000,10,3,187,3
,0214295600,393,2721,27210000.000000000000000,0,900,900,97.186328555678060,245.097453434449790,264444.000000000000000,11,3,463,11
,021459367,394,4368,43680000.000000000000000,0,900,900,31.831501831501832,131.131730234528990,139040.000000000000000,11,3,463,3
,02146110,395,1514,15140000.000000000000000,0,900,900,150.502642007926030,271.003956267621220,227861.000000000000000,11,0,9,17
,02146211,396,1490,14900000.000000000000000,0,900,900,169.500671140939600,318.670792763666040,252556.000000000000000,10,80,187,17
,02146300,397,6320,63200000.000000000000000,0,900,900,256.134493670886060,349.915664721917840,1618770.000000000000000,11,80,7,80
,02146315,398,1359,13590000.000000000000000,0,900,900,261.710080941869020,386.488778609534620,355664.000000000000000,11,900,463,17
,02146381,399,7524,75240000.000000000000000,0,900,900,221.976608187134500,382.991432347860950,1670152.000000000000000,11,0,463,3
,02146409,400,3150,31500000.000000000000000,0,900,900,383.036825396825410,380.012182648596760,1206566.000000000000000,11,900,3,187
,0214642825,401,1331,13310000.000000000000000,0,900,900,55.117205108940645,144.638453673267660,73361.000000000000000,10,80,187,17
,0214645022,402,3523,35230000.000000000000000,0,900,900,146.769230769230770,202.763981756248850,517068.000000000000000,11,80,3,80
,02146470,403,699,6990000.000000000000000,0,900,900,137.155937052932760,235.497664996249140,95872.000000000000000,11,80,3,80
,02146500,404,1916,19160000.000000000000000,0,900,900,180.997912317327770,221.446777716421170,346792.000000000000000,11,80,9,80
,02146507,405,501,5010000.000000000000000,0,900,900,68.177644710578846,192.116643656144790,34157.000000000000000,10,0,7,6
,02146530,406,1640,16400000.000000000000000,0,900,900,111.357317073170730,288.279093482589130,182626.000000000000000,10,0,187,3
,0214655255,407,1897,18970000.000000000000000,0,900,900,21.384290985767002,110.177746964309700,40566.000000000000000,9,3,900,3
,02146562,408,1525,15250000.000000000000000,0,900,900,36.241967213114755,145.744851640586720,55269.000000000000000,10,0,187,0
,02146600,409,6621,66210000.000000000000000,0,900,900,66.276544328651255,224.089828906451030,438817.000000000000000,10,0,187,3
,02146700,410,1828,18280000.000000000000000,0,900,900,45.129102844638950,135.374057378916290,82496.000000000000000,11,17,463,11
,02146750,411,11981,119810000.000000000000000,0,900,900,27.217594524664051,142.758394661737190,326094.000000000000000,9,0,80,3
,0214676115,412,698,6980000.000000000000000,0,900,900,47.077363896848141,193.061096904675850,32860.000000000000000,9,3,80,3
,0214678175,413,1829,18290000.000000000000000,0,900,900,166.656096227446680,346.011011152031240,304814.000000000000000,9,3,80,3
,02146800,414,12216,122160000.000000000000000,0,900,900,49.441961362148000,192.854209123466290,603983.000000000000000,11,0,463,3
,0214685800,415,5441,54410000.000000000000000,0,900,900,8.265208601360044,71.856514176945041,44971.000000000000000,9,3,80,3
,021473428,416,7686,76860000.000000000000000,0,900,900,41.829300026021336,161.738674758144040,321500.000000000000000,11,3,463,3
,02160326,417,21923,219230000.000000000000000,0,900,900,49.331888883820646,181.366701107970270,1081503.000000000000000,11,3,463,6
,02162093,418,1446,14460000.000000000000000,0,900,900,280.576763485477160,359.291631509157920,405714.000000000000000,11,80,3,80
,02164000,419,12519,125190000.000000000000000,0,900,900,125.852064861410650,241.548643354352630,1575542.000000000000000,11,80,463,17
,02164110,420,15847,158470000.000000000000000,0,900,900,102.970972423802610,258.665428283702680,1631781.000000000000000,11,3,463,3
,02197020,421,4559,45590000.000000000000000,0,900,900,87.594867295459537,266.202397291482160,399345.000000000000000,9,0,80,0
,02197338,422,81,810000.000000000000000,0,900,900,322.222222222222230,431.477507532168890,26100.000000000000000,2,0,900,0
,02197339,423,46,460000.000000000000000,0,900,900,58.695652173913047,222.218152661749830,2700.000000000000000,2,0,900,0
,02203603,424,606,6060000.000000000000000,0,900,900,341.856435643564340,347.486819822467000,207165.000000000000000,9,80,6,187
,02203655,425,5359,53590000.000000000000000,0,900,900,221.224668781489070,325.780244316640730,1185543.000000000000000,11,80,9,80
,02203700,426,2757,27570000.000000000000000,0,900,900,292.776206021037350,318.711060787175480,807184.000000000000000,11,80,7,187
,02204070,427,39058,390580000.000000000000000,0,900,900,77.945337702903373,211.199848393146880,3044389.000000000000000,11,3,463,6
,02205000,428,334,3340000.000000000000000,0,17,17,2.646706586826348,1.304427487289858,884.000000000000000,4,3,6,3
,02205522,429,1936,19360000.000000000000000,0,900,900,102.040289256198350,268.375125687012260,197550.000000000000000,10,0,187,0
,02206500,430,32889,328890000.000000000000000,0,900,900,83.450849828210039,253.420161486824810,2744615.000000000000000,11,0,463,3
,02207120,431,6930,69300000.000000000000000,0,900,900,23.213564213564215,131.863014278556620,160870.000000000000000,9,0,80,3
,02207385,432,4462,44620000.000000000000000,0,900,900,16.459659345584939,109.136669793263880,73443.000000000000000,9,3,80,3
,02208050,433,2569,25690000.000000000000000,0,900,900,121.930323082911640,304.920994641359300,313239.000000000000000,9,3,80,3
,02208130,434,1391,13910000.000000000000000,0,900,900,107.070452911574410,275.517471561417440,148935.000000000000000,10,0,187,3
,02208150,435,3981,39810000.000000000000000,0,900,900,20.977392614920873,124.360135683558950,83511.000000000000000,9,3,80,3
,02211375,436,1140,11400000.000000000000000,0,900,900,96.618421052631575,201.710225134529850,110145.000000000000000,11,80,463,17
,02217274,437,438,4380000.000000000000000,0,6,6,2.636986301369863,1.097195284788917,1155.000000000000000,3,3,6,3
,02218565,438,1483,14830000.000000000000000,0,900,900,9.613621038435603,69.807883968047918,14257.000000000000000,9,3,80,3
,02334480,439,2445,24450000.000000000000000,0,900,900,25.630265848670756,127.929773297068520,62666.000000000000000,10,3,187,3
,02334578,440,1309,13090000.000000000000000,0,900,900,9.893812070282658,69.966270602776447,12951.000000000000000,9,3,80,3
,02334620,441,1784,17840000.000000000000000,0,900,900,29.975896860986548,156.630824636192160,53477.000000000000000,6,3,9,3
,02334885,442,12119,121190000.000000000000000,0,900,900,68.941249277993236,229.888030694178130,835499.000000000000000,11,3,463,3
,02335350,443,2295,22950000.000000000000000,0,900,900,200.055337690631800,364.768473423259540,459127.000000000000000,10,0,187,6
,02335700,444,19072,190720000.000000000000000,0,900,900,45.184301593959731,189.009075273804510,861755.000000000000000,9,3,80,3
,02335757,445,7703,77030000.000000000000000,0,900,900,92.750097364663119,262.664187492455710,714454.000000000000000,10,0,187,3
,023358685,446,3308,33080000.000000000000000,0,900,900,8.140568319226119,73.159719169689097,26929.000000000000000,9,0,80,0
,02335870,447,4665,46650000.000000000000000,0,900,900,100.777277599142550,260.822802115151490,470126.000000000000000,11,0,463,3
,02335910,448,4810,48100000.000000000000000,0,900,900,249.839085239085250,381.708847653168790,1201726.000000000000000,11,0,463,17
,02336030,449,357,3570000.000000000000000,0,900,900,461.470588235294140,449.729028098898710,164745.000000000000000,4,900,6,900
,02336120,450,8742,87420000.000000000000000,0,900,900,157.055593685655450,304.625534754273760,1372980.000000000000000,11,80,463,17
,02336240,451,7137,71370000.000000000000000,0,900,900,181.542244640605300,269.928615910127580,1295667.000000000000000,11,80,7,80
,02336300,452,5891,58910000.000000000000000,0,900,900,341.007638771006610,315.458032500787000,2008876.000000000000000,11,463,6,187
,02336360,453,6798,67980000.000000000000000,0,900,900,149.468078846719640,304.040827904444260,1016084.000000000000000,11,80,463,11
,02336410,454,2839,28390000.000000000000000,0,900,900,73.015146178231774,153.610031204869390,207290.000000000000000,11,80,463,17
,02336526,455,3508,35080000.000000000000000,0,900,900,271.610889395667070,304.644800302260880,952811.000000000000000,11,80,7,187
,02336635,456,8066,80660000.000000000000000,0,900,900,46.778576741879498,151.728277483812920,377316.000000000000000,11,3,463,9
,02336728,457,8992,89920000.000000000000000,0,900,900,110.239657473309610,223.800836820657220,991275.000000000000000,11,80,463,17
,02336968,458,11435,114350000.000000000000000,0,900,900,20.282903366856143,108.555952099028860,231935.000000000000000,11,0,463,3
,02344350,459,33003,330030000.000000000000000,0,900,900,120.060449050086360,295.959963687956590,3962355.000000000000000,11,0,463,3
,02344478,460,3330,33300000.000000000000000,0,900,900,57.308708708708707,184.513675077281900,190838.000000000000000,11,3,463,3
,02346310,461,2504,25040000.000000000000000,0,900,900,87.920127795527151,217.866666095368570,220152.000000000000000,11,3,463,9
,02378170,462,1376,13760000.000000000000000,0,900,900,66.262354651162795,221.390660007692450,91177.000000000000000,9,0,7,3
,02392950,463,6552,65520000.000000000000000,0,900,900,154.513431013431020,334.499205804852010,1012372.000000000000000,9,0,9,3
,02392975,464,2396,23960000.000000000000000,0,900,900,25.643989983305509,139.281940021430810,61443.000000000000000,9,0,80,0
,02465292,465,2642,26420000.000000000000000,0,900,900,135.196063588190750,244.997267391225790,357188.000000000000000,11,80,463,80
,02485700,466,4506,45060000.000000000000000,0,900,900,61.343098091433646,216.700503471251490,276412.000000000000000,10,0,187,0
,03238140,467,1062,10620000.000000000000000,0,900,900,209.412429378531070,194.566903650568720,222396.000000000000000,9,80,3,187
,03260015,468,1639,16390000.000000000000000,0,900,900,96.219035997559487,177.667173063646230,157703.000000000000000,11,80,7,17
,03260050,469,3070,30700000.000000000000000,0,900,900,181.303908794788270,309.784748981181620,556603.000000000000000,11,80,7,80
,03260100,470,976,9760000.000000000000000,0,900,900,271.351434426229500,404.110207611096370,264839.000000000000000,9,900,7,11
,03277075,471,9559,95590000.000000000000000,0,900,900,104.687415001569210,279.633923335923440,1000707.000000000000000,11,3,463,3
,03284520,472,408,4080000.000000000000000,0,900,900,22.250000000000000,132.159148155458670,9078.000000000000000,9,3,17,3
,03287580,473,558,5580000.000000000000000,0,900,900,15.612903225806452,85.988250292382816,8712.000000000000000,10,3,187,3
,03287600,474,5004,50040000.000000000000000,0,900,900,70.275779376498804,218.598154983527540,351660.000000000000000,11,3,463,3
,03288200,475,5217,52170000.000000000000000,0,900,900,105.246118458884410,249.007054756981090,549069.000000000000000,11,3,9,3
,03288500,476,607,6070000.000000000000000,0,900,900,57.815485996705107,211.758213331611840,35094.000000000000000,9,3,11,3
,03289000,477,5590,55900000.000000000000000,0,900,900,41.266726296958858,169.688999599763040,230681.000000000000000,10,3,187,3
,03289193,478,2557,25570000.000000000000000,0,900,900,155.685960109503330,252.600467183071460,398089.000000000000000,11,80,7,80
,03289200,479,5300,53000000.000000000000000,0,900,900,207.531132075471700,321.098307953213180,1099915.000000000000000,11,3,7,3
,03289300,480,12714,127140000.000000000000000,0,900,900,10.671385873839862,81.897630523339899,135676.000000000000000,10,3,463,3
,03292474,481,1721,17210000.000000000000000,0,900,900,48.883788495061012,152.321879970606290,84129.000000000000000,10,17,187,11
,03292475,482,1035,10350000.000000000000000,0,900,900,35.523671497584544,147.760127357692990,36767.000000000000000,9,3,900,6
,03292480,483,1490,14900000.000000000000000,0,900,900,82.590604026845639,243.681402005831730,123060.000000000000000,10,3,187,6
,03292500,484,4525,45250000.000000000000000,0,900,900,142.125745856353600,258.198959411184030,643119.000000000000000,11,80,7,80
,03292550,485,1369,13690000.000000000000000,0,900,900,275.029218407596770,211.514513005670780,376515.000000000000000,11,463,3,187
,03293000,486,4883,48830000.000000000000000,0,900,900,124.750153594101990,258.455271602425460,609155.000000000000000,11,0,463,11
,03293500,487,1684,16840000.000000000000000,0,900,900,230.026722090261270,221.019844926310980,387365.000000000000000,10,463,6,187
,03293510,488,3157,31570000.000000000000000,0,900,900,243.624643649033890,265.020763587151410,769123.000000000000000,11,463,7,80
,03294550,489,7857,78570000.000000000000000,0,900,900,266.290059819269460,310.111599292891470,2092241.000000000000000,11,80,6,80
,03294570,490,3701,37010000.000000000000000,0,900,900,90.519319102945147,223.924984706153200,335012.000000000000000,11,80,463,11
,03298135,491,1419,14190000.000000000000000,0,900,900,290.518675123326260,398.414479444920060,412246.000000000000000,11,900,463,17
,03298150,492,1594,15940000.000000000000000,0,900,900,37.826223337515685,144.462493697274030,60295.000000000000000,11,3,463,7
,03298250,493,2926,29260000.000000000000000,0,900,900,22.226930963773068,96.296575876702903,65036.000000000000000,10,3,187,3
,03301900,494,883,8830000.000000000000000,0,900,900,29.261608154020387,84.023661719685649,25838.000000000000000,10,0,187,9
,03302000,495,15802,158020000.000000000000000,0,900,900,167.003290722693320,321.159554465822570,2638986.000000000000000,11,80,463,17
,03302030,496,4773,47730000.000000000000000,0,900,900,29.711711711711711,124.090485658273610,141814.000000000000000,11,3,463,3
,03431060,497,24227,242270000.000000000000000,0,900,900,37.353902670574151,159.233972074596380,904973.000000000000000,11,3,463,3
,03431300,498,3092,30920000.000000000000000,0,900,900,241.889068564036220,325.756304278230120,747921.000000000000000,11,80,11,80
,03431700,499,6396,63960000.000000000000000,0,900,900,90.753908692933081,153.469529874154630,580462.000000000000000,11,80,900,17
,05588720,500,2199,21990000.000000000000000,0,900,900,31.390632105502501,112.618960290558970,69028.000000000000000,10,3,187,6
,06935850,501,1444,14440000.000000000000000,0,900,900,126.139196675900280,312.089580929198010,182145.000000000000000,4,0,9,0
,06935890,502,4289,42890000.000000000000000,0,900,900,125.856143623222200,311.007357866949230,539797.000000000000000,9,0,80,0
,06935955,503,3035,30350000.000000000000000,0,900,900,293.136079077430000,414.422412934498200,889668.000000000000000,11,0,463,6
,06935980,504,974,9740000.000000000000000,0,900,900,349.630390143737150,435.841192538521000,340540.000000000000000,11,900,187,6
,06935997,505,554,5540000.000000000000000,0,900,900,92.357400722021666,270.879384999657190,51166.000000000000000,8,0,7,0
,06936475,506,10595,105950000.000000000000000,0,900,900,263.186597451628130,397.474808174373610,2788462.000000000000000,11,0,463,3
,07001910,507,300,3000000.000000000000000,0,900,900,107.326666666666670,288.295369292598200,32198.000000000000000,9,0,9,0
,07001985,508,1068,10680000.000000000000000,0,900,900,179.704119850187250,351.893599457040520,191924.000000000000000,11,0,463,3
,07005000,509,6132,61320000.000000000000000,0,900,900,174.689334637964780,326.403489506345010,1071195.000000000000000,11,0,463,7
,07010030,510,514,5140000.000000000000000,0,900,900,135.661478599221790,300.594628261131730,69730.000000000000000,11,0,7,3
,07010035,511,373,3730000.000000000000000,0,900,900,155.731903485254690,327.853172812444200,58088.000000000000000,11,3,463,3
,07010055,512,3164,31640000.000000000000000,0,900,900,98.631163084702905,271.119361433126700,312069.000000000000000,11,0,463,3
,07010061,513,1649,16490000.000000000000000,0,900,900,57.405700424499699,200.422412600636530,94662.000000000000000,11,3,463,3
,07010070,514,491,4910000.000000000000000,0,900,900,79.938900203665995,214.112035346584010,39250.000000000000000,11,0,463,7
,07010075,515,288,2880000.000000000000000,0,900,900,66.937500000000000,211.158402849022340,19278.000000000000000,10,0,11,3
,07010082,516,1485,14850000.000000000000000,0,900,900,228.981818181818170,371.450398199571400,340038.000000000000000,11,0,463,11
,07010086,517,2340,23400000.000000000000000,0,900,900,227.982905982905980,362.299068577894620,533480.000000000000000,11,0,463,17
,07010090,518,948,9480000.000000000000000,0,900,900,201.413502109704640,350.120611989719750,190940.000000000000000,11,0,463,7
,07010094,519,154,1540000.000000000000000,0,900,900,168.980519480519490,345.150587703306600,26023.000000000000000,9,0,9,3
,07010097,520,9863,98630000.000000000000000,0,900,900,383.385785258035070,426.006209091174300,3781334.000000000000000,11,900,9,80
,07010180,521,4726,47260000.000000000000000,0,900,900,208.674989420228510,368.050820443403610,986198.000000000000000,11,0,463,3
,07010208,522,685,6850000.000000000000000,0,900,900,269.128467153284650,410.865770424368070,184353.000000000000000,9,0,17,3
,07019120,523,2489,24890000.000000000000000,0,900,900,126.216954600241070,307.662837196712530,314154.000000000000000,11,0,463,3
,07019317,524,2067,20670000.000000000000000,0,900,900,246.395742622157710,400.396391813088200,509300.000000000000000,9,0,9,0
,07031692,525,7881,78810000.000000000000000,0,900,900,105.028803451338660,279.189525822006320,827732.000000000000000,10,0,187,3
,07032200,526,17613,176130000.000000000000000,0,900,900,39.227218531766312,177.452699472967540,690909.000000000000000,10,0,187,0
,08076180,527,7312,73120000.000000000000000,0,900,900,108.150574398249450,287.954827941070620,790797.000000000000000,10,0,187,3
,0209553650,528,4599,45990000.000000000000000,0,900,900,43.148510545770819,171.980750278833170,198440.000000000000000,10,3,187,3
,10168000,529,11677,116770000.000000000000000,0,900,900,23.140960863235421,119.293784859656090,270217.000000000000000,11,0,463,0
,11161300,530,950,9500000.000000000000000,0,900,900,56.105263157894740,165.673386592206610,53300.000000000000000,10,3,187,11
,11162800,531,462,4620000.000000000000000,0,900,900,90.435064935064929,193.538431768256630,41781.000000000000000,9,80,3,17
,12081000,532,6412,64120000.000000000000000,0,900,900,85.503275109170303,249.656442954962240,548247.000000000000000,10,3,187,3
,12090400,533,1460,14600000.000000000000000,0,900,900,88.257534246575347,180.877077701282190,128856.000000000000000,11,80,463,80
,12090500,534,14961,149610000.000000000000000,0,900,900,60.671412338747409,197.484458968782460,907705.000000000000000,11,0,463,3
,12091100,535,3480,34800000.000000000000000,0,900,900,333.606034482758620,330.229986417197210,1160949.000000000000000,11,900,9,187
,12091200,536,1223,12230000.000000000000000,0,900,900,178.309076042518400,295.197916021213300,218072.000000000000000,11,80,6,80
,12091290,537,503,5030000.000000000000000,0,900,900,53.324055666003979,125.840365433426700,26822.000000000000000,9,80,9,17
,12091300,538,31,310000.000000000000000,0,80,80,42.258064516129032,36.768647006729999,1310.000000000000000,7,80,9,17
,12091500,539,4202,42020000.000000000000000,0,900,900,193.863160399809600,292.047116746771340,814613.000000000000000,11,80,6,80
,12102190,540,556,5560000.000000000000000,0,900,900,81.976618705035975,161.247746602085270,45579.000000000000000,11,80,463,80
,12113347,541,732,7320000.000000000000000,0,900,900,75.474043715846989,168.615118152082430,55247.000000000000000,11,80,463,17
,12113349,542,1367,13670000.000000000000000,0,900,900,248.998536942209230,381.831205499373140,340381.000000000000000,11,900,463,17
,12120000,543,3758,37580000.000000000000000,0,900,900,155.261575306013840,318.431589076251950,583473.000000000000000,11,0,463,11
,12120500,544,1678,16780000.000000000000000,0,900,900,102.831346841477950,249.430771828847870,172551.000000000000000,10,0,3,17
,12124000,545,3398,33980000.000000000000000,0,900,900,11.773396115361978,74.129381817726568,40006.000000000000000,10,3,187,3
,12125200,546,37169,371690000.000000000000000,0,900,900,34.810002959455460,153.740476267342840,1293853.000000000000000,11,0,463,3
,12126000,547,6385,63850000.000000000000000,0,900,900,70.231323414252159,212.564351796600700,448427.000000000000000,11,0,463,6
,12127100,548,5890,58900000.000000000000000,0,900,900,104.411035653650260,237.772386873893340,614981.000000000000000,10,80,187,17
,12128000,549,3126,31260000.000000000000000,0,900,900,246.369161868202180,226.361327111707710,770150.000000000000000,8,187,9,187
,12157000,550,4791,47910000.000000000000000,0,900,900,64.160509288248804,220.839598995098410,307393.000000000000000,9,3,80,3
,14142800,551,2896,28960000.000000000000000,0,900,900,53.697859116022101,164.077709307356000,155509.000000000000000,11,80,463,9
,14206900,552,625,6250000.000000000000000,0,900,900,124.308800000000010,93.530225288726854,77693.000000000000000,7,80,11,80
,14206950,553,7458,74580000.000000000000000,0,900,900,148.156476267095740,274.684377347984930,1104951.000000000000000,11,80,463,80
,14211315,554,1705,17050000.000000000000000,0,900,900,93.196480938416428,130.910901129497350,158900.000000000000000,11,80,3,80
,14211499,555,1223,12230000.000000000000000,0,900,900,28.400654129190514,120.215035186005100,34734.000000000000000,10,3,187,3
,14211500,556,5629,56290000.000000000000000,0,900,900,38.377864629596729,138.376153014914790,216029.000000000000000,11,3,463,7
,14211550,557,6856,68560000.000000000000000,0,900,900,206.695011668611440,232.312228058142150,1417101.000000000000000,11,80,7,80
,06710150,558,2911,29110000.000000000000000,0,900,900,24.689453795946410,142.432018373188730,71871.000000000000000,9,0,80,0
,07103990,559,5154,51540000.000000000000000,0,900,900,31.647264260768335,154.012130263248790,163110.000000000000000,9,0,7,0
,07104500,560,2295,22950000.000000000000000,0,900,900,70.890631808278869,221.476837041231450,162694.000000000000000,10,0,187,0
,07105600,561,13465,134650000.000000000000000,0,900,900,44.672112885258073,190.093296494977410,601510.000000000000000,10,0,187,0
,08053009,562,3543,35430000.000000000000000,0,900,900,154.426192492238210,339.012132830695800,547132.000000000000000,8,0,17,0
,08056500,563,1640,16400000.000000000000000,0,900,900,268.346951219512220,231.975471244262420,440089.000000000000000,10,187,9,187
,08057200,564,17290,172900000.000000000000000,0,900,900,157.633256217466740,331.524941419159520,2725479.000000000000000,11,0,463,0
,08057445,565,2336,23360000.000000000000000,0,900,900,156.841609589041100,282.769190296557720,366382.000000000000000,11,80,463,80
,08061540,566,31084,310840000.000000000000000,0,900,900,121.050958692574950,303.779481008868460,3762748.000000000000000,11,0,463,0
,08061700,567,8218,82180000.000000000000000,0,900,900,233.134095887077140,373.264789844084820,1915896.000000000000000,11,0,463,11
,08083420,568,3231,32310000.000000000000000,0,900,900,124.665119158155360,246.205826670772640,402793.000000000000000,11,3,11,3
,08155541,569,467,4670000.000000000000000,0,900,900,132.081370449678810,233.610159113315150,61682.000000000000000,11,80,7,80
,08156675,570,1450,14500000.000000000000000,0,900,900,198.400689655172410,357.782710207833190,287681.000000000000000,10,0,187,11
,08156800,571,1854,18540000.000000000000000,0,900,900,217.270765911542610,261.073780603933590,402820.000000000000000,11,80,7,80
,08156910,572,284,2840000.000000000000000,0,900,900,319.746478873239430,377.027391626785460,90808.000000000000000,11,80,3,80
,08157000,573,310,3100000.000000000000000,0,900,900,302.316129032258060,222.367300184778120,93718.000000000000000,6,463,17,187
,08157500,574,473,4730000.000000000000000,0,900,900,324.942917547568700,314.482303736089590,153698.000000000000000,9,463,17,187
,08158030,575,432,4320000.000000000000000,0,900,900,349.166666666666690,303.457308303759530,150840.000000000000000,10,187,6,187
,08158035,576,464,4640000.000000000000000,0,900,900,245.681034482758630,255.400306116588440,113996.000000000000000,11,187,3,187
,08158045,577,385,3850000.000000000000000,0,900,900,145.789610389610400,276.751799151540180,56129.000000000000000,10,80,7,80
,08158200,578,6862,68620000.000000000000000,0,900,900,129.094141649664830,311.515135372872750,885844.000000000000000,9,0,7,0
,08158380,579,1352,13520000.000000000000000,0,900,900,192.444526627218950,352.025056514204950,260185.000000000000000,10,0,187,11
,08158600,580,5250,52500000.000000000000000,0,900,900,114.657333333333330,282.333159006861370,601951.000000000000000,11,0,463,3
,08158970,581,7130,71300000.000000000000000,0,900,900,77.824544179523144,238.321711304719740,554889.000000000000000,10,0,187,0
,08177700,582,5673,56730000.000000000000000,0,900,900,67.386920500616952,215.473794361802050,382286.000000000000000,10,0,187,3
,08181480,583,54188,541880000.000000000000000,0,900,900,47.965084520558058,191.303790188851020,2599132.000000000000000,11,0,463,0
,08329840,584,1112,11120000.000000000000000,0,900,900,41.270683453237410,134.069969666735460,45893.000000000000000,10,0,187,9
,09483000,585,2000,20000000.000000000000000,0,900,900,187.159500000000010,281.036506631700770,374319.000000000000000,11,0,7,80
,10311300,586,7530,75300000.000000000000000,0,900,900,48.968127490039841,188.336832114052130,368730.000000000000000,11,0,463,0
,11023330,587,8134,81340000.000000000000000,0,900,900,52.289894270961398,200.847650007565360,425326.000000000000000,10,0,187,0
,11023340,588,2848,28480000.000000000000000,0,900,900,73.045294943820224,238.608166557237240,208033.000000000000000,10,0,187,0
,11045300,589,1839,18390000.000000000000000,0,900,900,50.271886895051658,174.948795517564180,92450.000000000000000,11,0,3,0
,11047000,590,9222,92220000.000000000000000,0,900,900,53.548904792886574,209.796639005516740,493828.000000000000000,10,0,187,0
,11047500,591,2305,23050000.000000000000000,0,900,900,38.996095444685466,179.604664637619460,89886.000000000000000,9,0,7,0
,11060400,592,3083,30830000.000000000000000,0,900,900,379.422964644826490,335.369187428016630,1169761.000000000000000,11,187,6,187
,11101500,593,29998,299980000.000000000000000,0,900,900,220.987399159944000,269.419483269294690,6629180.000000000000000,11,0,7,80
,11102000,594,1649,16490000.000000000000000,0,900,900,289.774408732565180,297.316561442061410,477838.000000000000000,8,187,9,187
,11102300,595,1040,10400000.000000000000000,0,900,900,143.237500000000010,287.307126503858000,148967.000000000000000,11,0,9,7
,11102500,596,1817,18170000.000000000000000,0,900,900,434.136488717666510,380.081883069337210,788826.000000000000000,8,900,9,187
,11120000,597,4951,49510000.000000000000000,0,900,900,32.466572409614223,120.667866630310660,160742.000000000000000,11,0,463,3
,11153650,598,22127,221270000.000000000000000,0,900,900,48.746056853617752,179.624296963247300,1078604.000000000000000,11,3,463,3
,11162720,599,2857,28570000.000000000000000,0,900,900,154.893944697234870,273.974428920328710,442532.000000000000000,11,0,9,17
,11166000,600,1654,16540000.000000000000000,0,900,900,69.935308343409915,207.535434363194160,115673.000000000000000,11,0,6,7
,11181040,601,12159,121590000.000000000000000,0,900,900,47.213586643638457,134.450699395473980,574070.000000000000000,11,0,7,3
,11183000,602,13303,133030000.000000000000000,0,900,900,32.948282342328795,138.396275817697980,438311.000000000000000,11,0,463,3
,11183600,603,8499,84990000.000000000000000,0,900,900,70.464054594658194,165.100908922144640,598874.000000000000000,11,80,463,17
,11335655,604,4508,45080000.000000000000000,0,900,900,30.988243123336289,158.478663465881170,139695.000000000000000,10,0,187,3
,11336580,605,10621,106210000.000000000000000,0,900,900,130.899632802937590,296.345275427183370,1390285.000000000000000,11,0,9,0
,11447360,606,8164,81640000.000000000000000,0,900,900,72.331577658010772,186.968060210462880,590515.000000000000000,11,80,463,11
,11465660,607,1440,14400000.000000000000000,0,900,900,22.206944444444446,132.631942510079030,31978.000000000000000,9,0,9,0
,11465680,608,9332,93320000.000000000000000,0,900,900,69.001928846978146,218.153323816940710,643926.000000000000000,11,3,463,3
,11465690,609,872,8720000.000000000000000,0,900,900,139.913990825688070,287.034043127898940,122005.000000000000000,11,0,463,9
,11465700,610,930,9300000.000000000000000,0,900,900,49.764516129032259,140.456611097911490,46281.000000000000000,10,17,3,11
,11465750,611,8395,83950000.000000000000000,0,900,900,55.358665872543177,147.403211824273710,464736.000000000000000,11,80,463,9
,11466065,612,2699,26990000.000000000000000,0,900,900,23.213782882549094,86.413568362059806,62654.000000000000000,11,3,463,3
,11466320,613,17236,172360000.000000000000000,0,900,900,53.052912508702718,170.051075174514440,914420.000000000000000,11,0,7,3
,11466800,614,24377,243770000.000000000000000,0,900,900,23.167247815563851,121.787523209056180,564748.000000000000000,11,3,463,3
,11447293,615,20276,202760000.000000000000000,0,900,900,56.703097257841783,197.463578159169860,1149712.000000000000000,11,3,463,3