Rowid_,GAGE_ID,ZONE_CODE,COUNT,AREA,MIN,MAX,RANGE,MEAN,STD,SUM,VARIETY,MAJORITY,MINORITY,MEDIAN
,06914990,1,2045,20450000.000000000000000,0,900,900,77.967237163814175,250.781872514448880,159443.000000000000000,7,0,11,0
,03255500,2,20211,202110000.000000000000000,0,900,900,227.581020236504880,333.012455081179550,4599640.000000000000000,11,80,7,80
,03271000,3,18038,180380000.000000000000000,0,900,900,84.320822707617253,158.107977759049700,1520979.000000000000000,11,80,900,11
,03271300,4,5182,51820000.000000000000000,0,900,900,142.171362408336560,219.166668377357350,736732.000000000000000,11,80,6,80
,03337000,5,1104,11040000.000000000000000,0,900,900,477.384963768115940,282.384960208883290,527033.000000000000000,5,463,80,463
,03337100,6,119,1190000.000000000000000,0,900,900,640.907563025210040,347.596718699074700,76268.000000000000000,5,900,80,900
,03351072,7,4218,42180000.000000000000000,0,900,900,31.525841631104790,120.814335927450470,132976.000000000000000,11,3,463,3
,03351310,8,4622,46220000.000000000000000,0,900,900,180.185417568152300,238.825366376045910,832817.000000000000000,11,80,9,80
,03353120,9,2129,21290000.000000000000000,0,900,900,423.594645373414720,317.528576641552090,901833.000000000000000,11,463,6,463
,03353160,10,773,7730000.000000000000000,0,900,900,424.564036222509690,177.892906720833910,328188.000000000000000,5,463,80,463
,03353180,11,877,8770000.000000000000000,0,900,900,317.904218928164200,269.200962930785180,278802.000000000000000,11,463,6,187
,03353600,12,6370,63700000.000000000000000,0,900,900,245.316169544740970,327.918534134576930,1562664.000000000000000,11,80,9,80
,03353620,13,3885,38850000.000000000000000,0,900,900,236.324581724581720,304.770251972064840,918121.000000000000000,11,80,6,80
,03353637,14,4446,44460000.000000000000000,0,900,900,132.827485380116970,193.843210963491460,590551.000000000000000,11,80,7,80
,04087030,15,8788,87880000.000000000000000,0,900,900,73.973600364132906,179.366931503263120,650080.000000000000000,11,3,0,9
,04087070,16,5179,51790000.000000000000000,0,900,900,140.180922958100010,256.990792671443670,725997.000000000000000,11,3,7,11
,04087088,17,4689,46890000.000000000000000,0,900,900,252.727020686713590,276.703173668632990,1185037.000000000000000,10,80,9,187
,04087119,18,2769,27690000.000000000000000,0,900,900,396.214517876489710,210.342452875160150,1097118.000000000000000,7,463,11,463
,04087120,19,11154,111540000.000000000000000,0,900,900,253.793437331898870,308.590764611566780,2830812.000000000000000,11,80,9,80
,04087142,20,3907,39070000.000000000000000,0,900,900,506.010238034297400,240.474462539108120,1976982.000000000000000,10,463,7,463
,04087159,21,4809,48090000.000000000000000,0,900,900,434.091495113329190,295.756314937413830,2087546.000000000000000,11,463,9,463
,04087170,22,185317,1853170000.000000000000000,0,900,900,54.531715924604867,161.881246852521430,10105654.000000000000000,11,3,900,3
,04087204,23,6621,66210000.000000000000000,0,900,900,194.090469717565330,300.217697987078740,1285073.000000000000000,11,80,7,80
,04087214,24,3842,38420000.000000000000000,0,900,900,197.501821967725140,234.585407698922550,758802.000000000000000,11,80,3,80
,04087220,25,8852,88520000.000000000000000,0,900,900,127.706732941708080,206.922536559750680,1130460.000000000000000,11,80,7,80
,04087240,26,36282,362820000.000000000000000,0,900,900,38.082437572349924,134.279093443599690,1381707.000000000000000,11,3,463,7
,04087257,27,9825,98250000.000000000000000,0,900,900,90.811399491094150,232.238173682416430,892222.000000000000000,11,3,463,7
,04093000,28,32120,321200000.000000000000000,0,900,900,89.965971357409714,204.224380591188750,2889707.000000000000000,11,3,7,9
,04094500,29,19214,192140000.000000000000000,0,900,900,65.102789632559592,172.039941403264580,1250885.000000000000000,11,3,463,7
,04101370,30,9191,91910000.000000000000000,0,900,900,92.293004025677291,207.855690384601620,848265.000000000000000,11,80,463,11
,04106180,31,3644,36440000.000000000000000,0,900,900,75.362788144895717,162.665491509113050,274622.000000000000000,11,80,463,17
,04106300,32,1416,14160000.000000000000000,0,900,900,201.185734463276840,273.954984332394020,284879.000000000000000,11,80,6,80
,04106500,33,8070,80700000.000000000000000,0,900,900,91.008674101610907,186.143637291716090,734440.000000000000000,11,80,900,11
,04160800,34,5474,54740000.000000000000000,0,900,900,75.566313481914506,190.311238853472280,413650.000000000000000,11,80,463,11
,04161100,35,4558,45580000.000000000000000,0,900,900,262.686046511627920,359.903832571357900,1197323.000000000000000,11,0,7,80
,04162900,36,6446,64460000.000000000000000,0,900,900,288.578032888613110,326.667604605136030,1860174.000000000000000,11,80,3,80
,04163400,37,4257,42570000.000000000000000,0,900,900,132.499412731970860,199.081499211479470,564050.000000000000000,11,80,7,80
,04165500,38,168627,1686270000.000000000000000,0,900,900,118.002123028933680,229.511490472926340,19898344.000000000000000,11,3,7,11
,04166000,39,8419,84190000.000000000000000,0,900,900,155.960921724670380,208.043687833642740,1313035.000000000000000,11,80,3,80
,04166100,40,14006,140060000.000000000000000,0,900,900,164.313294302441820,185.265695498004530,2301372.000000000000000,11,80,7,80
,04166300,41,4573,45730000.000000000000000,0,900,900,154.433632188935060,270.809980039822160,706225.000000000000000,11,80,463,17
,04166500,42,20600,206000000.000000000000000,0,900,900,318.594223300970900,264.603659382977410,6563041.000000000000000,11,463,7,187
,04167000,43,22977,229770000.000000000000000,0,900,900,191.417983200591890,291.912170541927310,4398211.000000000000000,11,80,7,80
,04168000,44,21783,217830000.000000000000000,0,900,900,163.273607859339850,282.639234765354670,3556589.000000000000000,11,3,7,11
,04174518,45,2633,26330000.000000000000000,0,900,900,296.864413216862890,314.110173566031850,781644.000000000000000,11,463,7,187
,05288705,46,7284,72840000.000000000000000,0,900,900,282.129599121361880,396.327293630322340,2055032.000000000000000,11,0,7,9
,05289800,47,41389,413890000.000000000000000,0,900,900,84.770325448790743,230.810717155687830,3508559.000000000000000,11,0,7,0
,05345000,48,33430,334300000.000000000000000,0,900,900,82.175381393957522,251.539820320098190,2747123.000000000000000,11,0,463,0
,05422600,49,14838,148380000.000000000000000,0,900,900,97.180078177651978,257.163352389184810,1441958.000000000000000,11,0,9,3
,05427948,50,4708,47080000.000000000000000,0,900,900,75.086661002548851,225.425927755624570,353508.000000000000000,11,3,463,3
,054310157,51,1114,11140000.000000000000000,0,900,900,112.731597845601440,249.112847370614360,125583.000000000000000,11,3,9,3
,05435935,52,2770,27700000.000000000000000,0,900,900,66.946209386281595,153.340390784424610,185441.000000000000000,11,3,9,3
,05435943,53,2448,24480000.000000000000000,0,900,900,75.390931372549019,215.007416347498750,184557.000000000000000,11,3,463,3
,05454090,54,2257,22570000.000000000000000,0,900,900,61.627381479840494,199.099325116320470,139093.000000000000000,11,0,463,3
,05484800,55,20185,201850000.000000000000000,0,900,900,87.228189249442650,246.175338122733820,1760701.000000000000000,11,3,7,3
,05527905,56,1398,13980000.000000000000000,0,900,900,46.510014306151646,98.905278886210951,65021.000000000000000,11,0,463,6
,05527950,57,14216,142160000.000000000000000,0,900,900,47.082160945413619,149.205998339984260,669320.000000000000000,11,3,463,3
,05529000,58,78666,786660000.000000000000000,0,900,900,93.533254519106094,231.149406656216370,7357887.000000000000000,11,3,463,6
,05529500,59,2201,22010000.000000000000000,0,900,900,245.016810540663330,242.937737659103140,539282.000000000000000,11,187,3,187
,05530000,60,3305,33050000.000000000000000,0,900,900,360.771860816944010,204.265663082146800,1192351.000000000000000,9,463,3,463
,05530990,61,7090,70900000.000000000000000,0,900,900,234.014527503526100,288.741315820459250,1659163.000000000000000,11,80,3,80
,05531000,62,504,5040000.000000000000000,0,900,900,421.988095238095240,339.600605545467320,212682.000000000000000,7,463,3,463
,05532000,63,4708,47080000.000000000000000,0,900,900,495.947748513169070,309.291767494231290,2334922.000000000000000,11,463,3,463
,05532500,64,51900,519000000.000000000000000,0,900,900,384.700404624277440,341.134921652048380,19965951.000000000000000,11,463,7,463
,05533000,65,4259,42590000.000000000000000,0,900,900,253.744306175158500,250.618337711607040,1080697.000000000000000,11,80,6,187
,05533400,66,3343,33430000.000000000000000,0,900,900,198.577026622793910,298.250724124544320,663843.000000000000000,11,80,7,80
,05534500,67,5164,51640000.000000000000000,0,900,900,152.726568551510470,281.326015948020090,788680.000000000000000,11,0,7,17
,05535000,68,3007,30070000.000000000000000,0,900,900,215.809777186564670,317.543825125720450,648940.000000000000000,11,80,7,80
,05535070,69,2158,21580000.000000000000000,0,900,900,223.462465245597770,248.000075170102890,482232.000000000000000,11,80,7,187
,05535500,70,2992,29920000.000000000000000,0,900,900,262.483622994652420,329.625084385059890,785351.000000000000000,11,80,9,80
,05536000,71,12154,121540000.000000000000000,0,900,900,292.457051176567400,282.173137370899550,3554523.000000000000000,11,463,9,187
,05536105,72,3511,35110000.000000000000000,0,900,900,435.920535459982890,258.829283093668720,1530517.000000000000000,10,463,11,463
,05536118,73,16774,167740000.000000000000000,0,900,900,485.098843448193630,209.940428865439740,8137048.000000000000000,11,463,11,463
,05536215,74,6517,65170000.000000000000000,0,900,900,262.724873408009840,304.942586782156010,1712178.000000000000000,11,0,7,80
,05536235,75,5934,59340000.000000000000000,0,900,900,78.691776204920799,187.086099171788500,466957.000000000000000,11,3,463,6
,05536255,76,6032,60320000.000000000000000,0,900,900,154.120689655172410,259.935379562047100,929656.000000000000000,11,0,6,80
,05536270,77,4583,45830000.000000000000000,0,900,900,129.255945886973590,244.950173621862210,592380.000000000000000,11,0,7,7
,05536275,78,3778,37780000.000000000000000,0,900,900,167.308628904182110,275.929202631151840,632092.000000000000000,11,0,6,3
,05536290,79,29002,290020000.000000000000000,0,900,900,167.138542169505540,249.054172986341090,4847352.000000000000000,11,3,7,17
,05536340,80,3307,33070000.000000000000000,0,900,900,162.130631992742680,259.572676659917420,536166.000000000000000,11,0,7,80
,05536500,81,2908,29080000.000000000000000,0,900,900,97.746561210453919,205.884708372294480,284247.000000000000000,11,0,6,17
,05536995,82,85001,850010000.000000000000000,0,900,900,414.469100363525110,310.996143204589660,35230288.000000000000000,11,463,9,463
,05537500,83,5456,54560000.000000000000000,0,900,900,42.907807917888562,126.780422022663370,234105.000000000000000,11,80,463,11
,05537980,84,25380,253800000.000000000000000,0,900,900,191.175689519306530,314.190657862073860,4852039.000000000000000,11,0,9,17
,05539000,85,27804,278040000.000000000000000,0,900,900,102.232016975974670,243.333438343712860,2842459.000000000000000,11,0,463,3
,05539900,86,7177,71770000.000000000000000,0,900,900,157.874878082764380,265.232316884829340,1133068.000000000000000,11,80,9,80
,05540060,87,4871,48710000.000000000000000,0,900,900,212.614863477725320,357.566548320598430,1035647.000000000000000,11,0,7,3
,05540091,88,2061,20610000.000000000000000,0,900,900,129.387675885492480,197.788168885492070,266668.000000000000000,11,80,9,80
,05540095,89,9598,95980000.000000000000000,0,900,900,211.487184830172960,313.621845548063390,2029854.000000000000000,11,80,7,80
,05540130,90,8255,82550000.000000000000000,0,900,900,193.603270745003020,305.041544709885900,1598195.000000000000000,11,80,6,80
,05540160,91,6563,65630000.000000000000000,0,900,900,286.811671491695850,286.923841385021490,1882345.000000000000000,11,463,6,187
,05540195,92,2618,26180000.000000000000000,0,900,900,318.879297173414840,254.857750177987780,834826.000000000000000,11,463,7,187
,05540250,93,9464,94640000.000000000000000,0,900,900,184.869928148774310,271.041754729023690,1749609.000000000000000,11,0,7,80
,05540275,94,2468,24680000.000000000000000,0,900,900,135.886952998379260,305.785260254533800,335369.000000000000000,11,0,463,6
,05540500,95,29725,297250000.000000000000000,0,900,900,101.774802354920100,256.391660847146910,3025256.000000000000000,11,0,463,3
,05550500,96,9247,92470000.000000000000000,0,900,900,111.621931437222880,238.154302623633240,1032168.000000000000000,11,0,7,7
,05551200,97,13395,133950000.000000000000000,0,900,900,34.321089958939901,136.355494034607630,459731.000000000000000,11,3,187,3
,05551330,98,7256,72560000.000000000000000,0,900,900,65.367833517089309,211.932495744583630,474309.000000000000000,11,3,463,3
,05551675,99,14745,147450000.000000000000000,0,900,900,38.545947778908108,146.426170263742340,568360.000000000000000,11,3,463,3
,05551700,100,3492,34920000.000000000000000,0,900,900,16.410652920962200,74.811778180688322,57306.000000000000000,11,3,463,3
,05579725,101,6463,64630000.000000000000000,0,900,900,68.760637474856878,219.361060945140880,444400.000000000000000,11,3,463,3
,05580950,102,8829,88290000.000000000000000,0,900,900,248.270925359610370,322.986762487857330,2191984.000000000000000,11,0,6,80
,06892513,103,15073,150730000.000000000000000,0,900,900,123.355934452331980,302.222588107947220,1859344.000000000000000,11,0,463,3
,06893300,104,6881,68810000.000000000000000,0,900,900,248.212178462432770,391.725074095668790,1707948.000000000000000,11,0,7,3
,06893390,105,9874,98740000.000000000000000,0,900,900,154.528762406319630,322.340560492429630,1525817.000000000000000,11,0,463,3
,06893400,106,89,890000.000000000000000,0,900,900,398.898876404494390,434.435525399425220,35502.000000000000000,8,900,17,80
,06893500,107,30884,308840000.000000000000000,0,900,900,41.935273928247639,173.418201862144660,1295129.000000000000000,11,0,463,0
,06893557,108,3396,33960000.000000000000000,0,900,900,158.897526501766780,270.146314639087510,539616.000000000000000,11,80,7,80
,06893560,109,674,6740000.000000000000000,0,900,900,520.252225519287890,415.616318872167430,350650.000000000000000,9,900,6,900
,06893562,110,620,6200000.000000000000000,0,900,900,244.327419354838700,298.619410745492980,151483.000000000000000,9,0,7,80
,06893578,111,13609,136090000.000000000000000,0,900,900,215.055918877213600,335.960686184999020,2926696.000000000000000,11,0,9,11
,06893620,112,2438,24380000.000000000000000,0,900,900,168.795734208367520,289.639571411035090,411524.000000000000000,11,0,7,80
,06893970,113,2173,21730000.000000000000000,0,900,900,148.457432121491020,263.776517577382890,322598.000000000000000,11,3,9,11
,07164600,114,3020,30200000.000000000000000,0,900,900,340.301986754966890,235.258497103991890,1027712.000000000000000,11,463,6,463
,07165562,115,4652,46520000.000000000000000,0,900,900,149.652837489251940,287.576106167508780,696185.000000000000000,11,3,7,11
,07165565,116,1424,14240000.000000000000000,0,900,900,106.893258426966300,238.956885442999120,152216.000000000000000,11,0,463,9
,07177800,117,2165,21650000.000000000000000,0,900,900,420.933949191685940,253.907010996415120,911322.000000000000000,11,463,9,463
,04168580,118,2750,27500000.000000000000000,0,900,900,298.650909090909070,330.588786518691280,821290.000000000000000,11,80,9,187
,01451500,119,21227,212270000.000000000000000,0,900,900,70.995241908889625,179.623518244063750,1507016.000000000000000,11,80,463,11
,01451650,120,4174,41740000.000000000000000,0,900,900,191.803066602779100,263.527954455097300,800586.000000000000000,11,80,9,80
,01537500,121,4456,44560000.000000000000000,0,900,900,114.963195691202870,257.825683410426050,512276.000000000000000,11,0,11,3
,01569800,122,5970,59700000.000000000000000,0,900,900,114.386097152428820,241.018430679717620,682885.000000000000000,11,3,7,9
,01616000,123,4471,44710000.000000000000000,0,900,900,146.254081860881230,245.247513662229120,653902.000000000000000,11,80,7,17
,02423397,124,4391,43910000.000000000000000,0,900,900,75.609656114780236,187.043600122405510,332002.000000000000000,11,80,463,11
,02423630,125,18633,186330000.000000000000000,0,900,900,129.051736167015520,241.143540808078800,2404621.000000000000000,11,80,9,11
,02457000,126,5722,57220000.000000000000000,0,900,900,138.769486193638580,196.805288882976980,794039.000000000000000,11,80,9,80
,02457595,127,7850,78500000.000000000000000,0,900,900,124.150063694267520,236.715877752741220,974578.000000000000000,11,80,6,17
,02458300,128,6552,65520000.000000000000000,0,900,900,369.359126984126990,317.988418509538750,2420041.000000000000000,11,463,9,187
,02458450,129,1915,19150000.000000000000000,0,900,900,442.552480417754570,358.853383935911720,847488.000000000000000,10,900,6,463
,02458600,130,4925,49250000.000000000000000,0,900,900,158.348629441624350,239.544403608500150,779867.000000000000000,11,80,6,80
,02461500,131,13656,136560000.000000000000000,0,900,900,335.831282952548350,309.155666648927080,4586112.000000000000000,11,463,9,187
,02462000,132,24767,247670000.000000000000000,0,900,900,41.289780756652000,130.786283431264510,1022624.000000000000000,11,3,7,3
,03049658,133,4492,44920000.000000000000000,0,900,900,104.601513802315220,150.781860141277860,469870.000000000000000,11,80,7,80
,03049676,134,2210,22100000.000000000000000,0,900,900,98.879638009049771,157.101825906118560,218524.000000000000000,9,80,6,80
,03049807,135,15395,153950000.000000000000000,0,900,900,95.942448847028260,153.871445145056580,1477034.000000000000000,11,80,7,80
,03084000,136,1135,11350000.000000000000000,0,900,900,170.810572687224660,194.214846003188110,193870.000000000000000,11,80,7,80
,03084698,137,30305,303050000.000000000000000,0,900,900,107.248143870648410,192.135239791775380,3250155.000000000000000,11,80,7,80
,03084800,138,4003,40030000.000000000000000,0,900,900,261.045965525855590,235.273564490307390,1044967.000000000000000,11,80,7,187
,03085049,139,1587,15870000.000000000000000,0,900,900,385.502205419029620,233.838642796055690,611792.000000000000000,5,463,80,463
,03085213,140,4667,46670000.000000000000000,0,900,900,371.863081208485080,193.675731984734340,1735485.000000000000000,8,463,9,463
,03085956,141,6713,67130000.000000000000000,0,900,900,170.101742886935800,319.631895177808080,1141893.000000000000000,11,0,463,11
,03491544,142,1247,12470000.000000000000000,0,900,900,129.438652766639930,219.709188591814100,161410.000000000000000,11,80,9,80
,03535400,143,22498,224980000.000000000000000,0,900,900,59.884389723530980,149.011716359769050,1347279.000000000000000,11,80,463,17
,03538250,144,5045,50450000.000000000000000,0,900,900,160.940931615460840,277.466526663587790,811947.000000000000000,11,0,9,17
,06918493,145,3978,39780000.000000000000000,0,900,900,130.083710407239810,309.253572375904070,517473.000000000000000,10,0,187,3
,07019072,146,1007,10070000.000000000000000,0,900,900,141.523336643495530,323.796740099856210,142514.000000000000000,10,0,9,3
,07019150,147,1320,13200000.000000000000000,0,900,900,136.460606060606070,287.079811455085120,180128.000000000000000,11,80,463,9
,07019175,148,1322,13220000.000000000000000,0,900,900,108.638426626323750,263.174920357046010,143620.000000000000000,11,3,463,6
,07019185,149,3003,30030000.000000000000000,0,900,900,126.477522477522480,298.332033828943510,379812.000000000000000,11,3,463,3
,07019195,150,653,6530000.000000000000000,0,900,900,248.398162327718210,394.238853133157080,162204.000000000000000,11,3,463,3
,07019220,151,1115,11150000.000000000000000,0,900,900,195.576681614349780,360.257466718190360,218068.000000000000000,11,3,463,3
,07048480,152,223,2230000.000000000000000,0,900,900,360.547085201793720,356.679323986778630,80402.000000000000000,9,900,6,187
,07048490,153,343,3430000.000000000000000,0,900,900,320.422740524781320,289.519203845625730,109905.000000000000000,7,463,11,187
,07052000,154,5031,50310000.000000000000000,0,900,900,384.432915921288040,411.481832613162170,1934082.000000000000000,11,900,9,80
,07052100,155,4112,41120000.000000000000000,0,900,900,181.807636186770420,338.447403091806110,747593.000000000000000,11,0,463,3
,07052120,156,2733,27330000.000000000000000,0,900,900,294.113062568605930,405.880792515206560,803811.000000000000000,11,900,463,17
,07052152,157,1205,12050000.000000000000000,0,900,900,85.427385892116178,258.505880726812220,102940.000000000000000,9,0,7,0
,07195000,158,33596,335960000.000000000000000,0,900,900,50.084385045838793,167.316787985019180,1682635.000000000000000,11,3,463,3
,07263580,159,4987,49870000.000000000000000,0,900,900,156.842991778624420,249.460259575331460,782176.000000000000000,11,80,11,80
,010965852,160,12334,123340000.000000000000000,0,900,900,62.609210312956058,163.036478540801650,772222.000000000000000,11,80,463,11
,01097300,161,3090,30900000.000000000000000,0,900,900,72.091262135922335,197.943058616345700,222762.000000000000000,11,17,463,11
,01097380,162,9144,91440000.000000000000000,0,900,900,78.727690288713916,154.157653829197870,719886.000000000000000,11,80,6,17
,01100600,163,9655,96550000.000000000000000,0,900,900,219.567374417400320,291.393635918228140,2119923.000000000000000,11,0,7,80
,01100627,164,9735,97350000.000000000000000,0,900,900,163.520184899845930,242.923255879114660,1591869.000000000000000,11,80,6,80
,01102500,165,5953,59530000.000000000000000,0,900,900,329.477406349739620,302.531856406830680,1961379.000000000000000,8,187,9,187
,01103025,166,2161,21610000.000000000000000,0,900,900,401.201758445164270,253.476333709333800,866997.000000000000000,6,463,17,463
,01103280,167,16950,169500000.000000000000000,0,900,900,111.868377581120940,213.988063150994660,1896169.000000000000000,11,80,7,17
,01103500,168,30423,304230000.000000000000000,0,900,900,83.141603392170396,154.457662725903390,2529417.000000000000000,11,80,3,17
,01104200,169,7515,75150000.000000000000000,0,900,900,238.010246174318040,275.680234652244850,1788647.000000000000000,11,0,3,80
,01105600,170,1269,12690000.000000000000000,0,900,900,224.408195429472020,282.460748620482040,284774.000000000000000,11,187,3,80
,01105638,171,3812,38120000.000000000000000,0,900,900,105.647953830010490,196.558740044924580,402730.000000000000000,11,0,7,80
,01105730,172,7942,79420000.000000000000000,0,900,900,119.255099471165950,179.764919370470890,947124.000000000000000,11,80,9,80
,01105933,173,6829,68290000.000000000000000,0,900,900,106.765997949919470,235.460589644725560,729105.000000000000000,11,0,6,11
,01106500,174,10473,104730000.000000000000000,0,900,900,217.918743435500800,254.495974573772290,2282263.000000000000000,11,80,6,80
,01108320,175,5807,58070000.000000000000000,0,900,900,49.376270018942655,115.248697362899160,286728.000000000000000,11,80,463,11
,01108410,176,6667,66670000.000000000000000,0,900,900,66.336733163341833,161.779974091685380,442267.000000000000000,11,0,7,11
,01108500,177,5182,51820000.000000000000000,0,900,900,76.255499807024322,179.436404707303440,395156.000000000000000,11,0,463,17
,01109000,178,6110,61100000.000000000000000,0,900,900,91.151227495908344,201.660808975274110,556934.000000000000000,11,80,463,17
,01109060,179,10504,105040000.000000000000000,0,900,900,103.448686214775320,210.451512566333240,1086625.000000000000000,11,80,463,17
,01110000,180,6612,66120000.000000000000000,0,900,900,181.948880822746530,248.284165277253580,1203046.000000000000000,11,80,7,80
,01114000,181,6040,60400000.000000000000000,0,900,900,254.890231788079460,298.665233263282910,1539537.000000000000000,11,463,6,80
,01116905,182,4084,40840000.000000000000000,0,900,900,76.877571008814883,217.109375876341180,313968.000000000000000,11,11,463,11
,01117000,183,1890,18900000.000000000000000,0,900,900,171.386243386243390,252.748072954442420,323920.000000000000000,11,80,3,80
,01189000,184,11648,116480000.000000000000000,0,900,900,106.805030906593400,175.759771483920870,1244065.000000000000000,11,80,9,17
,01195490,185,4776,47760000.000000000000000,0,900,900,157.788735343383590,220.353429672843760,753599.000000000000000,11,80,6,80
,01196500,186,23813,238130000.000000000000000,0,900,900,131.239910972997930,213.813009126905970,3125216.000000000000000,11,80,7,80
,01201487,187,15546,155460000.000000000000000,0,900,900,141.524572237231440,215.775367169545180,2200141.000000000000000,11,80,7,80
,01300000,188,2427,24270000.000000000000000,0,900,900,166.030490317264110,259.005923275127770,402956.000000000000000,11,80,7,80
,01300500,189,1170,11700000.000000000000000,0,900,900,207.537606837606830,207.446965409283910,242819.000000000000000,10,80,6,80
,01301000,190,5781,57810000.000000000000000,0,900,900,218.610448019373820,252.892941327377060,1263787.000000000000000,11,80,3,80
,01356190,191,4078,40780000.000000000000000,0,900,900,148.743746934771930,194.139345919427830,606577.000000000000000,10,80,6,80
,01376500,192,6246,62460000.000000000000000,0,900,900,243.804514889529290,278.339889110608230,1522803.000000000000000,11,80,9,80
,01377370,193,3542,35420000.000000000000000,0,900,900,224.579616036137760,201.867978398027360,795461.000000000000000,11,187,6,187
,01391000,194,4243,42430000.000000000000000,0,900,900,172.481970304030170,176.585044544565250,731841.000000000000000,11,80,7,80
,01391500,195,10430,104300000.000000000000000,0,900,900,219.823106423777570,211.636997834685330,2292755.000000000000000,8,80,9,187
,03098500,196,17451,174510000.000000000000000,0,900,900,88.128989742708157,175.021971924547760,1537939.000000000000000,11,80,900,11
,03098700,197,3267,32670000.000000000000000,0,900,900,99.542393633302723,151.175691324797300,325205.000000000000000,11,80,7,80
,03115973,198,903,9030000.000000000000000,0,900,900,163.725359911406430,275.697797642401330,147844.000000000000000,11,80,7,17
,03118500,199,45392,453920000.000000000000000,0,900,900,137.250969333803310,240.414968153342810,6230096.000000000000000,11,80,7,17
,03130500,200,1215,12150000.000000000000000,0,900,900,217.055967078189300,283.680200449283060,263723.000000000000000,10,80,6,80
,04206043,201,6700,67000000.000000000000000,0,900,900,130.005970149253730,226.937770338364710,871040.000000000000000,11,80,7,80
,04207200,202,22240,222400000.000000000000000,0,900,900,126.627293165467620,245.965106684915720,2816191.000000000000000,11,80,7,17
,04208460,203,4681,46810000.000000000000000,0,900,900,375.375988036744270,260.794564357360630,1757135.000000000000000,11,463,9,463
,04216200,204,3958,39580000.000000000000000,0,900,900,354.458059626073750,280.292059898811320,1402945.000000000000000,11,463,7,463
,04240100,205,2598,25980000.000000000000000,0,900,900,120.394534257120870,160.652068837776740,312785.000000000000000,11,80,900,80
,04240120,206,7583,75830000.000000000000000,0,900,900,325.367928260582860,345.181289050335750,2467265.000000000000000,11,463,7,187
,04282813,207,1778,17780000.000000000000000,0,900,900,164.943194600674930,282.028773455140880,293269.000000000000000,11,80,9,17
,04292770,208,339,3390000.000000000000000,0,900,900,132.126843657817120,238.573041237021930,44791.000000000000000,11,3,9,3
,01302500,209,3051,30510000.000000000000000,0,900,900,175.915109800065550,211.053334494214790,536717.000000000000000,11,80,11,80
,01303500,210,1908,19080000.000000000000000,0,900,900,104.971174004192870,137.213248573730310,200285.000000000000000,8,80,3,80
,01304000,211,5792,57920000.000000000000000,0,900,900,236.762085635359110,238.632778400499380,1371326.000000000000000,8,187,9,187
,01305000,212,19014,190140000.000000000000000,0,900,900,118.671978542126850,170.984104406587140,2256429.000000000000000,11,80,3,80
,01305500,213,2132,21320000.000000000000000,0,900,900,159.080206378986870,226.835520417403590,339159.000000000000000,11,80,6,80
,01306000,214,3627,36270000.000000000000000,0,900,900,193.693961952026460,250.647118525829060,702528.000000000000000,11,80,7,80
,01306440,215,4136,41360000.000000000000000,0,900,900,216.932301740812390,213.132938965953490,897232.000000000000000,11,187,3,187
,01306460,216,1391,13910000.000000000000000,0,900,900,265.605319913731140,287.977628535203450,369457.000000000000000,8,0,9,187
,01306500,217,1654,16540000.000000000000000,0,900,900,182.426239419588880,302.404507898518830,301733.000000000000000,10,0,7,0
,01307000,218,1403,14030000.000000000000000,0,900,900,322.175338560228060,290.484478525496570,452012.000000000000000,8,187,7,187
,01307500,219,1118,11180000.000000000000000,0,900,900,378.490161001788920,263.618716559969240,423152.000000000000000,6,463,17,463
,01308000,220,5830,58300000.000000000000000,0,900,900,268.122984562607200,268.420546622400650,1563157.000000000000000,10,463,9,187
,01308500,221,9401,94010000.000000000000000,0,900,900,226.439527709818090,225.513976383867770,2128758.000000000000000,11,80,3,187
,01309000,222,993,9930000.000000000000000,0,900,900,302.124874118831830,328.440160591292340,300010.000000000000000,11,463,11,187
,01309500,223,9426,94260000.000000000000000,0,900,900,326.071928707829390,301.009053642484160,3073554.000000000000000,11,463,6,187
,01309950,224,3785,37850000.000000000000000,0,900,900,445.648348745046230,194.944176511281650,1686779.000000000000000,7,463,11,463
,01310000,225,210,2100000.000000000000000,0,900,900,459.290476190476170,236.314029176195020,96451.000000000000000,5,463,80,463
,01310500,226,7790,77900000.000000000000000,0,900,900,308.522464698331190,291.895854158730570,2403390.000000000000000,11,463,3,187
,01311000,227,2634,26340000.000000000000000,0,900,900,367.433181473044780,267.570429945078960,967819.000000000000000,11,463,9,463
,01311500,228,1812,18120000.000000000000000,0,900,900,440.304083885209710,152.960493265019860,797831.000000000000000,5,463,80,463
,01311810,229,3359,33590000.000000000000000,0,900,900,461.186662697231330,194.478433912522060,1549126.000000000000000,10,463,17,463
,01405500,230,24584,245840000.000000000000000,0,900,900,62.424015619915394,152.399456869650320,1534632.000000000000000,11,0,900,11
,01406050,231,4053,40530000.000000000000000,0,900,900,70.139649642240315,158.699211289871470,284276.000000000000000,11,80,900,11
,01407290,232,1695,16950000.000000000000000,0,900,900,61.117404129793513,151.586799879429610,103594.000000000000000,11,80,463,17
,01407760,233,1635,16350000.000000000000000,0,900,900,114.702752293577990,176.045757079507750,187539.000000000000000,11,80,7,80
,01408120,234,9158,91580000.000000000000000,0,900,900,76.617274514086048,146.817054133678080,701661.000000000000000,11,80,900,17
,01467081,235,2326,23260000.000000000000000,0,900,900,309.842648323301830,314.465077210064580,720694.000000000000000,11,187,6,187
,01467150,236,4699,46990000.000000000000000,0,900,900,202.669716961055540,252.572205862890600,952345.000000000000000,11,80,7,80
,01475000,237,1563,15630000.000000000000000,0,900,900,68.678822776711456,128.838590685391180,107345.000000000000000,11,80,900,17
,02233200,238,6861,68610000.000000000000000,0,900,900,77.043871155808191,162.494019395863090,528598.000000000000000,11,0,900,7
,02233475,239,12039,120390000.000000000000000,0,900,900,85.197192457845333,195.462159825561860,1025689.000000000000000,11,3,463,11
,02234308,240,5918,59180000.000000000000000,0,900,900,257.347414667117280,272.140418758482040,1522982.000000000000000,11,463,7,187
,02234324,241,2608,26080000.000000000000000,0,900,900,161.997699386503060,221.098175860725520,422490.000000000000000,11,80,7,80
,02234344,242,6229,62290000.000000000000000,0,900,900,71.832878471664799,198.792500724436280,447447.000000000000000,11,3,463,6
,02234384,243,4642,46420000.000000000000000,0,900,900,104.504308487720810,241.566659034239930,485109.000000000000000,11,80,463,11
,02234400,244,4270,42700000.000000000000000,0,900,900,110.193911007025760,215.398642161206250,470528.000000000000000,11,80,7,17
,02234990,245,10778,107780000.000000000000000,0,900,900,206.057339023937660,282.988603464036030,2220886.000000000000000,11,80,7,80
,02235000,246,33857,338570000.000000000000000,0,900,900,42.213013557019231,139.626575484225730,1429206.000000000000000,11,0,463,3
,02240954,247,9468,94680000.000000000000000,0,900,900,89.235741444866918,164.320069746880510,844884.000000000000000,11,80,7,17
,02246459,248,5610,56100000.000000000000000,0,900,900,198.785561497326200,289.419595301477160,1115187.000000000000000,11,80,7,80
,02246828,249,6382,63820000.000000000000000,0,900,900,115.816045126919460,263.994468296751850,739138.000000000000000,11,0,6,3
,02262900,250,21007,210070000.000000000000000,0,900,900,186.726186509258810,310.048502235547460,3922557.000000000000000,11,0,7,3
,02263800,251,27085,270850000.000000000000000,0,900,900,148.867085102455230,299.223577861028960,4032065.000000000000000,11,0,7,3
,02264000,252,6923,69230000.000000000000000,0,900,900,19.558861765130725,96.577374111180887,135406.000000000000000,11,0,463,3
,02264100,253,4216,42160000.000000000000000,0,900,900,116.072817836812150,300.496730070314810,489363.000000000000000,10,0,187,0
,02293055,254,19079,190790000.000000000000000,0,900,900,22.490434509146180,112.359195507767300,429095.000000000000000,11,0,463,0
,02293190,255,1290,12900000.000000000000000,0,900,900,190.593023255813960,250.930737744747970,245865.000000000000000,11,80,7,80
,02299861,256,1403,14030000.000000000000000,0,900,900,208.878118317890230,279.458760772261430,293056.000000000000000,11,80,6,80
,02301738,257,761,7610000.000000000000000,0,900,900,125.038107752956630,275.023687654699020,95154.000000000000000,10,80,187,11
,02301750,258,3593,35930000.000000000000000,0,900,900,207.595602560534360,317.983751801613830,745891.000000000000000,11,80,6,80
,02303205,259,5731,57310000.000000000000000,0,900,900,107.388413889373580,225.563353906368950,615443.000000000000000,11,80,463,17
,02303300,260,9427,94270000.000000000000000,0,900,900,43.432481171104278,127.473060351335600,409438.000000000000000,11,3,463,11
,02303350,261,4222,42220000.000000000000000,0,900,900,39.788015158692559,180.245466131622630,167985.000000000000000,10,0,187,0
,02306500,262,1362,13620000.000000000000000,0,900,900,167.337004405286340,274.735099105666790,227913.000000000000000,11,80,7,80
,02306647,263,2835,28350000.000000000000000,0,900,900,237.241622574955900,337.105083856790660,672580.000000000000000,11,80,7,80
,02306950,264,4197,41970000.000000000000000,0,900,900,40.020252561353345,131.369779208665050,167965.000000000000000,11,17,463,9
,02307000,265,6514,65140000.000000000000000,0,900,900,53.585968682836963,162.731936628570590,349059.000000000000000,11,80,463,9
,02307668,266,767,7670000.000000000000000,0,900,900,322.830508474576280,356.046398332369050,247611.000000000000000,11,80,6,187
,02307671,267,442,4420000.000000000000000,0,900,900,307.900452488687790,297.756754940870170,136092.000000000000000,10,463,7,187
,02307697,268,955,9550000.000000000000000,0,900,900,155.718324607329830,218.359109642087530,148711.000000000000000,11,80,7,80
,02308935,269,675,6750000.000000000000000,0,900,900,443.871111111111130,261.688176855915340,299613.000000000000000,6,463,17,463
,02309415,270,116,1160000.000000000000000,0,900,900,259.948275862068950,366.121419581452130,30154.000000000000000,7,6,11,80
,02309421,271,686,6860000.000000000000000,0,900,900,209.056851311953350,295.763563829642690,143413.000000000000000,11,80,463,80
,02309848,272,2355,23550000.000000000000000,0,900,900,58.475583864118896,210.965063212896240,137710.000000000000000,9,3,80,3
,02310525,273,8484,84840000.000000000000000,0,900,900,35.831683168316829,161.424472015356540,303996.000000000000000,10,0,463,3
,08068325,274,10547,105470000.000000000000000,0,900,900,41.396605669858729,164.873533566146340,436610.000000000000000,11,3,463,3
,08069000,275,72679,726790000.000000000000000,0,900,900,28.709434637240470,137.822139315926050,2086573.000000000000000,11,3,463,3
,08072760,276,4910,49100000.000000000000000,0,900,900,28.447454175152750,145.924710620545200,139677.000000000000000,10,3,187,3
,08074020,277,10435,104350000.000000000000000,0,900,900,165.302731193100160,317.749737234235340,1724934.000000000000000,11,0,463,11
,08074150,278,2259,22590000.000000000000000,0,900,900,410.097388224878270,430.554481837403100,926410.000000000000000,11,900,7,80
,08074500,279,11952,119520000.000000000000000,0,900,900,315.652610441767080,321.969552713780220,3772680.000000000000000,11,80,7,187
,08074760,280,4223,42230000.000000000000000,0,900,900,124.898413450153920,279.619364016476770,527446.000000000000000,10,0,187,11
,08075000,281,22203,222030000.000000000000000,0,900,900,301.280682790613870,305.731480369236690,6689335.000000000000000,11,463,9,187
,08075400,282,5040,50400000.000000000000000,0,900,900,131.354563492063510,240.316939948060960,662027.000000000000000,11,80,7,17
,08075500,283,11172,111720000.000000000000000,0,900,900,209.344880057286080,275.516327147749280,2338801.000000000000000,11,80,7,80
,08075605,284,1294,12940000.000000000000000,0,900,900,345.790571870170030,264.365581971638510,447453.000000000000000,9,463,9,463
,08075730,285,2389,23890000.000000000000000,0,900,900,270.931770615320200,280.945080188812260,647256.000000000000000,11,80,6,187
,08075763,286,2344,23440000.000000000000000,0,900,900,448.059726962457320,256.768774913488870,1050252.000000000000000,6,463,17,463
,08075770,287,2436,24360000.000000000000000,0,900,900,451.521756978653510,345.100937048268290,1099907.000000000000000,7,900,11,463
,08075900,288,8324,83240000.000000000000000,0,900,900,120.754565112926470,274.675433729237510,1005161.000000000000000,11,0,463,9
,08076000,289,7102,71020000.000000000000000,0,900,900,269.680371726274300,382.584873042305160,1915270.000000000000000,11,900,7,17
,08076500,290,7479,74790000.000000000000000,0,900,900,204.934349511966840,269.514709683674200,1532704.000000000000000,11,80,7,80
,08076997,291,8479,84790000.000000000000000,0,900,900,50.295907536266071,185.262541518175600,426459.000000000000000,11,0,463,3
,08077000,292,361,3610000.000000000000000,0,900,900,191.750692520775630,348.534150678625910,69222.000000000000000,7,3,6,3
,08116400,293,2475,24750000.000000000000000,0,900,900,98.465050505050499,206.178251532006730,243701.000000000000000,11,3,9,7
,02300042,294,16747,167470000.000000000000000,0,900,900,43.071893473457934,182.629184978314210,721325.000000000000000,10,0,187,0
,01393450,295,4575,45750000.000000000000000,0,900,900,435.966120218579250,230.884622262972730,1994545.000000000000000,6,463,17,463
,01393500,296,388,3880000.000000000000000,3,900,897,459.378865979381430,114.833488895486770,178239.000000000000000,6,463,3,463
,01394500,297,6649,66490000.000000000000000,0,900,900,278.981049781922080,228.427550831077300,1854945.000000000000000,11,463,3,187
,01395000,298,4362,43620000.000000000000000,0,900,900,324.342274186153130,240.857600597099780,1414781.000000000000000,11,463,3,463
,01396000,299,5262,52620000.000000000000000,0,900,900,219.517103762827820,201.557945677485320,1155099.000000000000000,11,463,3,187
,01402600,300,160,1600000.000000000000000,0,187,187,84.137500000000003,55.669278724894568,13462.000000000000000,9,80,3,80
,01403400,301,1631,16310000.000000000000000,0,900,900,93.420600858369099,170.408700961731540,152369.000000000000000,11,0,9,17
,01403500,302,1513,15130000.000000000000000,0,900,900,344.040978189028410,229.345508998801960,520534.000000000000000,11,463,7,463
,01403900,303,9293,92930000.000000000000000,0,900,900,286.034434520606910,266.843051103845880,2658118.000000000000000,11,463,7,187
,01405000,304,8443,84430000.000000000000000,0,900,900,110.542579651782550,238.539025502130840,933311.000000000000000,11,80,463,11
,01465798,305,5471,54710000.000000000000000,0,900,900,310.720526411990480,293.279497697770070,1699952.000000000000000,11,463,7,187
,01467042,306,9828,98280000.000000000000000,0,900,900,235.792124542124550,246.302530104795240,2317365.000000000000000,11,80,7,187
,01467048,307,3126,31260000.000000000000000,0,900,900,348.052783109404970,232.128356711055940,1088013.000000000000000,7,463,7,463
,01467086,308,4184,41840000.000000000000000,0,900,900,308.241156787762920,198.882237219069450,1289681.000000000000000,11,463,7,463
,01467087,309,3521,35210000.000000000000000,0,900,900,452.408974723090010,242.451811165443330,1592932.000000000000000,6,463,17,463
,01473120,310,13806,138060000.000000000000000,0,900,900,71.944082283065327,150.976536075242650,993260.000000000000000,11,80,900,17
,01473169,311,5420,54200000.000000000000000,0,900,900,142.915682656826560,263.655292702973100,774603.000000000000000,11,80,7,17
,01473900,312,10471,104710000.000000000000000,0,900,900,163.360997039442280,219.716525730397620,1710553.000000000000000,11,80,7,80
,01474000,313,6028,60280000.000000000000000,0,900,900,203.508294625082950,209.301152789315550,1226748.000000000000000,11,463,6,80
,01475510,314,9808,98080000.000000000000000,0,900,900,218.909971451876030,199.737802107210260,2147069.000000000000000,11,80,7,80
,01475530,315,1477,14770000.000000000000000,0,900,900,336.179417738659420,190.482549138415750,496537.000000000000000,10,463,3,463
,01475548,316,3604,36040000.000000000000000,0,900,900,371.490843507214210,214.649748711804900,1338853.000000000000000,9,463,7,463
,01475550,317,537,5370000.000000000000000,0,900,900,381.240223463687130,246.701004245355700,204726.000000000000000,5,463,187,463
,01477000,318,15732,157320000.000000000000000,0,900,900,88.193554538520218,170.244112438989280,1387461.000000000000000,11,80,7,17
,01477800,319,1897,18970000.000000000000000,0,900,900,238.872430152872970,204.280303369673930,453141.000000000000000,9,187,6,187
,01478000,320,5402,54020000.000000000000000,0,900,900,118.618289522399110,225.078521373314940,640776.000000000000000,11,80,7,17
,01581500,321,2173,21730000.000000000000000,0,900,900,88.917165209387946,148.108039274120220,193217.000000000000000,11,80,900,80
,01581752,322,656,6560000.000000000000000,0,900,900,202.167682926829260,279.185366438958510,132622.000000000000000,11,80,7,80
,01583600,323,5380,53800000.000000000000000,0,900,900,142.158550185873590,286.401243791785360,764813.000000000000000,11,11,463,11
,0158397967,324,579,5790000.000000000000000,0,900,900,228.823834196891200,242.321358558472180,132489.000000000000000,7,80,0,80
,01585090,325,699,6990000.000000000000000,0,900,900,250.456366237482110,237.289876687169450,175069.000000000000000,11,463,7,187
,01585095,326,343,3430000.000000000000000,0,900,900,164.690962099125360,135.171818551653900,56489.000000000000000,11,187,3,187
,01585100,327,948,9480000.000000000000000,0,900,900,152.497890295358640,274.065264093957980,144568.000000000000000,11,80,7,80
,01585104,328,602,6020000.000000000000000,0,900,900,54.159468438538205,113.708059268349960,32604.000000000000000,11,80,900,17
,01585200,329,608,6080000.000000000000000,0,900,900,351.177631578947340,214.529491346873980,213516.000000000000000,5,463,0,463
,01585230,330,918,9180000.000000000000000,0,900,900,419.779956427015240,135.477568713049290,385358.000000000000000,6,463,17,463
,01585300,331,1162,11620000.000000000000000,0,900,900,232.487091222030980,242.060102468080060,270150.000000000000000,11,463,3,187
,01585400,332,505,5050000.000000000000000,0,900,900,369.685148514851510,326.493288147208260,186691.000000000000000,9,463,9,187
,01589100,333,650,6500000.000000000000000,0,900,900,342.113846153846170,271.476412278615210,222374.000000000000000,11,463,3,463
,01589197,334,1069,10690000.000000000000000,0,900,900,143.085126286248820,169.462522529622620,152958.000000000000000,11,80,900,80
,01589290,335,874,8740000.000000000000000,0,900,900,265.455377574370690,174.033140665877400,232008.000000000000000,11,463,6,187
,01589300,336,6531,65310000.000000000000000,0,900,900,147.903690093400710,225.366447341575570,965959.000000000000000,11,80,7,80
,01589305,337,922,9220000.000000000000000,0,900,900,416.426247288503250,256.234736564234710,383945.000000000000000,6,463,17,463
,01589312,338,203,2030000.000000000000000,0,900,900,293.896551724137910,209.266050612248880,59661.000000000000000,5,187,900,187
,01589317,339,125,1250000.000000000000000,0,900,900,385.048000000000000,414.162264934892390,48131.000000000000000,11,900,7,80
,01589330,340,1103,11030000.000000000000000,0,900,900,294.617407071622840,311.857446083871590,324963.000000000000000,9,80,7,187
,01589352,341,5114,51140000.000000000000000,0,900,900,347.439577630035220,249.189910752703040,1776806.000000000000000,10,463,9,463
,01589500,342,1256,12560000.000000000000000,0,900,900,168.527866242038210,296.877147360227870,211671.000000000000000,11,0,7,17
,01593500,343,9812,98120000.000000000000000,0,900,900,84.505503465144727,173.225630636868090,829168.000000000000000,11,80,463,17
,01594400,344,3094,30940000.000000000000000,0,900,900,213.366839043309620,363.857815058415330,660157.000000000000000,11,0,463,11
,01594500,345,7902,79020000.000000000000000,0,900,900,94.948873702860041,204.087737937965760,750286.000000000000000,11,0,7,9
,01594526,346,15478,154780000.000000000000000,0,900,900,89.855407675410262,217.007274720125710,1390782.000000000000000,11,0,7,7
,01644371,347,115,1150000.000000000000000,0,187,187,21.600000000000001,30.086484037506452,2484.000000000000000,7,17,7,11
,01644375,348,332,3320000.000000000000000,0,900,900,85.662650602409641,203.731634672841810,28440.000000000000000,11,80,187,17
,01644600,349,13910,139100000.000000000000000,0,900,900,63.430265995686554,167.025105595567110,882315.000000000000000,11,0,463,9
,01645200,350,969,9690000.000000000000000,0,900,900,263.173374613003090,340.614379760686970,255015.000000000000000,11,0,6,80
,01645704,351,1428,14280000.000000000000000,0,900,900,154.227591036414570,284.036768530748820,220237.000000000000000,11,80,9,80
,01646000,352,13580,135800000.000000000000000,0,900,900,83.286303387334314,170.019818833577490,1131028.000000000000000,11,80,7,17
,01646305,353,540,5400000.000000000000000,0,900,900,239.116666666666670,216.095219281446160,129123.000000000000000,6,187,17,187
,01646550,354,1058,10580000.000000000000000,0,900,900,338.539697542533080,236.242359840260830,358175.000000000000000,6,463,17,463
,01647850,355,710,7100000.000000000000000,0,900,900,308.056338028169020,191.271909346092490,218720.000000000000000,10,463,6,463
,01649190,356,3399,33990000.000000000000000,0,900,900,116.747867019711680,169.318114754811570,396826.000000000000000,11,80,3,80
,01649500,357,15414,154140000.000000000000000,0,900,900,187.166212534059950,281.240883728499110,2884980.000000000000000,11,0,7,17
,01650800,358,1672,16720000.000000000000000,0,900,900,361.346889952153110,220.204057718703610,604172.000000000000000,6,463,17,463
,01651000,359,11110,111100000.000000000000000,0,900,900,188.319981998199810,213.843997384264700,2092235.000000000000000,11,463,3,80
,01651800,360,859,8590000.000000000000000,0,900,900,314.747380675203710,198.980393385408720,270368.000000000000000,8,463,11,463
,01652500,361,3469,34690000.000000000000000,0,900,900,392.018737388296360,192.460982244155280,1359913.000000000000000,8,463,9,463
,01653500,362,4485,44850000.000000000000000,0,900,900,239.461984392419170,257.407515301816370,1073987.000000000000000,11,80,3,187
,01654000,363,6039,60390000.000000000000000,0,900,900,247.003642987249550,248.145646648555870,1491655.000000000000000,11,187,6,187
,01656903,364,1086,10860000.000000000000000,0,900,900,45.768876611418051,126.763403212969730,49705.000000000000000,11,3,463,7
,01657000,365,37164,371640000.000000000000000,0,900,900,67.709073296738779,207.688632678622380,2516340.000000000000000,11,3,463,3
,01673500,366,1515,15150000.000000000000000,0,900,900,70.485148514851488,199.754942963069790,106785.000000000000000,10,3,0,9
,02038000,367,8800,88000000.000000000000000,0,900,900,51.599090909090911,153.250601212200220,454072.000000000000000,11,80,463,11
,0208675010,368,1562,15620000.000000000000000,0,900,900,236.928937259923170,288.439337941685890,370083.000000000000000,11,80,9,80
,02086849,369,4157,41570000.000000000000000,0,900,900,233.983642049554960,281.838505533337640,972670.000000000000000,11,463,6,80
,0208732885,370,1790,17900000.000000000000000,0,900,900,273.706703910614520,331.256442559507780,489935.000000000000000,11,80,6,80
,0208735012,371,314,3140000.000000000000000,0,900,900,316.808917197452220,372.168805165502820,99478.000000000000000,6,0,3,80
,02093877,372,1379,13790000.000000000000000,0,900,900,134.354604786076860,310.631763555431290,185275.000000000000000,11,3,463,3
,0209399200,373,4114,41140000.000000000000000,0,900,900,144.343461351482740,273.311953347743210,593829.000000000000000,11,80,463,80
,02094659,374,1927,19270000.000000000000000,0,900,900,274.875973015049280,337.513119818452590,529686.000000000000000,11,80,7,80
,02094770,375,2133,21330000.000000000000000,0,900,900,310.040787623066080,302.965799077903680,661317.000000000000000,10,187,6,187
,02094775,376,979,9790000.000000000000000,0,900,900,210.451481103166490,284.271152774327330,206032.000000000000000,11,80,7,80
,02095000,377,3847,38470000.000000000000000,0,900,900,281.306992461658410,321.305169289720600,1082188.000000000000000,11,463,7,187
,02095181,378,2485,24850000.000000000000000,0,900,900,294.070422535211260,264.803553226216990,730765.000000000000000,10,187,6,187
,02095271,379,1285,12850000.000000000000000,0,900,900,440.652140077821000,310.555983795668570,566238.000000000000000,11,463,9,463
,02095500,380,5839,58390000.000000000000000,0,900,900,207.841924987155320,265.922597247387440,1213589.000000000000000,11,80,7,80
,0209722970,381,1211,12110000.000000000000000,0,900,900,219.321222130470690,290.019097358877670,265598.000000000000000,11,0,11,80
,02097280,382,3841,38410000.000000000000000,0,900,900,190.768549856808140,235.032249052040700,732742.000000000000000,11,80,7,80
,0209741955,383,5487,54870000.000000000000000,0,900,900,112.277565154000370,260.644733504724680,616067.000000000000000,11,0,463,6
,02099000,384,3765,37650000.000000000000000,0,900,900,274.154316069057130,408.128941341159990,1032191.000000000000000,10,900,187,6
,02115860,385,47328,473280000.000000000000000,0,900,900,125.334305273833680,214.639267079846040,5931822.000000000000000,11,80,7,80
,0212414900,386,9286,92860000.000000000000000,0,900,900,85.977277622227007,227.188227838886970,798385.000000000000000,11,3,463,9
,02142654,387,2625,26250000.000000000000000,0,900,900,62.593904761904760,192.830063949706950,164309.000000000000000,10,3,187,3
,0214265808,388,1877,18770000.000000000000000,0,900,900,71.087906233351092,182.254227259636390,133432.000000000000000,11,80,463,11
,0214266000,389,2294,22940000.000000000000000,0,900,900,17.053618134263296,86.546192404850814,39121.000000000000000,10,3,187,3
,02142900,390,4265,42650000.000000000000000,0,900,900,121.905275498241490,272.761554453049540,519926.000000000000000,11,80,463,11
,02142914,391,1422,14220000.000000000000000,0,900,900,114.096343178621670,220.812200725957610,162245.000000000000000,11,80,463,80
,0214291555,392,2648,26480000.000000000000000,0,900,900,51.662009063444110,110.343682577596700,136801.000000000000000,11,80,463,11
,0214295600,393,2721,27210000.000000000000000,0,900,900,153.209481808158760,244.394394051793170,416883.000000000000000,11,80,7,80
,021459367,394,4368,43680000.000000000000000,0,900,900,72.215201465201460,146.036703599538580,315436.000000000000000,11,80,463,17
,02146110,395,1514,15140000.000000000000000,0,900,900,204.091809775429340,276.155492735630620,308995.000000000000000,11,0,7,80
,02146211,396,1490,14900000.000000000000000,0,900,900,218.467114093959740,305.383439124769100,325516.000000000000000,11,80,7,80
,02146300,397,6320,63200000.000000000000000,0,900,900,350.704113924050660,328.744324370566740,2216450.000000000000000,11,463,7,187
,02146315,398,1359,13590000.000000000000000,0,900,900,336.031640912435590,360.314327699753510,456667.000000000000000,9,900,3,187
,02146381,399,7524,75240000.000000000000000,0,900,900,250.654306220095690,374.427344049044170,1885923.000000000000000,11,0,7,17
,02146409,400,3150,31500000.000000000000000,0,900,900,459.042857142857140,336.860471899486410,1445985.000000000000000,11,900,7,463
,0214642825,401,1331,13310000.000000000000000,0,900,900,189.678437265214110,164.930667242654040,252462.000000000000000,10,187,7,187
,0214645022,402,3523,35230000.000000000000000,0,900,900,286.853817768946900,207.652791959458970,1010586.000000000000000,9,463,7,187
,02146470,403,699,6990000.000000000000000,0,900,900,358.447782546494980,219.673756164552860,250555.000000000000000,6,463,17,463
,02146500,404,1916,19160000.000000000000000,0,900,900,278.253653444676390,223.786030005655220,533134.000000000000000,8,187,9,187
,02146507,405,501,5010000.000000000000000,0,900,900,254.139720558882230,210.900172294320840,127324.000000000000000,10,187,3,187
,02146530,406,1640,16400000.000000000000000,0,900,900,217.931707317073180,282.718601318044530,357408.000000000000000,11,80,7,80
,0214655255,407,1897,18970000.000000000000000,0,900,900,72.902477596204534,115.197414744947750,138296.000000000000000,11,80,463,80
,02146562,408,1525,15250000.000000000000000,0,900,900,143.137704918032800,160.741362528502550,218285.000000000000000,11,80,9,80
,02146600,409,6621,66210000.000000000000000,0,900,900,105.939737199818770,221.084664964548010,701427.000000000000000,11,80,463,17
,02146700,410,1828,18280000.000000000000000,0,900,900,174.588621444201320,170.163919946944360,319148.000000000000000,8,80,9,80
,02146750,411,11981,119810000.000000000000000,0,900,900,58.704532175945246,149.483420097542360,703339.000000000000000,11,80,463,11
,0214676115,412,698,6980000.000000000000000,0,900,900,52.866762177650429,192.020744942754480,36901.000000000000000,9,3,80,9
,0214678175,413,1829,18290000.000000000000000,0,900,900,179.172772006560960,341.042438707381960,327707.000000000000000,10,0,187,11
,02146800,414,12216,122160000.000000000000000,0,900,900,57.884905042567127,193.019309090487070,707122.000000000000000,11,3,463,6
,0214685800,415,5441,54410000.000000000000000,0,900,900,11.333578386326042,72.542456061870965,61666.000000000000000,10,3,187,3
,021473428,416,7686,76860000.000000000000000,0,900,900,66.936377829820458,174.101904221184380,514473.000000000000000,11,3,463,9
,02160326,417,21923,219230000.000000000000000,0,900,900,82.956529672033938,188.014273010014020,1818656.000000000000000,11,80,463,17
,02162093,418,1446,14460000.000000000000000,0,900,900,387.160442600276610,326.596026577622300,559834.000000000000000,7,463,11,187
,02164000,419,12519,125190000.000000000000000,0,900,900,194.604601006470180,248.177355418237400,2436255.000000000000000,11,80,7,80
,02164110,420,15847,158470000.000000000000000,0,900,900,135.097810311099890,262.979578337759390,2140895.000000000000000,11,3,7,9
,02197020,421,4559,45590000.000000000000000,0,900,900,90.292388681728454,265.962542425909480,411643.000000000000000,11,0,463,0
,02197338,422,81,810000.000000000000000,0,900,900,322.222222222222230,431.477507532168890,26100.000000000000000,2,0,900,0
,02197339,423,46,460000.000000000000000,0,900,900,58.695652173913047,222.218152661749830,2700.000000000000000,2,0,900,0
,02203603,424,606,6060000.000000000000000,0,900,900,457.993399339934000,302.000469842042040,277544.000000000000000,5,463,0,463
,02203655,425,5359,53590000.000000000000000,0,900,900,319.056353797350250,307.432195999975990,1709823.000000000000000,11,187,7,187
,02203700,426,2757,27570000.000000000000000,0,900,900,355.494377947043920,302.399970519279290,980098.000000000000000,11,463,6,187
,02204070,427,39058,390580000.000000000000000,0,900,900,142.261790158226230,224.379565047277110,5556461.000000000000000,11,80,7,80
,02205000,428,334,3340000.000000000000000,3,80,77,3.829341317365270,4.673556793179186,1279.000000000000000,7,3,80,3
,02205522,429,1936,19360000.000000000000000,0,900,900,136.160640495867770,262.685146277433030,263607.000000000000000,11,80,463,17
,02206500,430,32889,328890000.000000000000000,0,900,900,105.833682994314200,249.856166732832210,3480764.000000000000000,11,80,463,11
,02207120,431,6930,69300000.000000000000000,0,900,900,46.749350649350646,133.546775923671050,323973.000000000000000,11,80,463,11
,02207385,432,4462,44620000.000000000000000,0,900,900,27.181757059614522,110.315093710128640,121285.000000000000000,10,3,187,6
,02208050,433,2569,25690000.000000000000000,0,900,900,133.216426625145970,301.443069839950790,342233.000000000000000,9,3,7,7
,02208130,434,1391,13910000.000000000000000,0,900,900,132.237958303378860,269.864577476756890,183943.000000000000000,11,80,463,17
,02208150,435,3981,39810000.000000000000000,0,900,900,25.195679477518212,124.508382221148310,100304.000000000000000,10,3,187,3
,02211375,436,1140,11400000.000000000000000,0,900,900,162.914912280701740,215.670660935024270,185723.000000000000000,10,80,9,80
,02217274,437,438,4380000.000000000000000,0,11,11,3.445205479452055,1.763522401090516,1509.000000000000000,6,3,11,3
,02218565,438,1483,14830000.000000000000000,0,900,900,13.954821308159136,70.726277438554177,20695.000000000000000,9,3,900,6
,02334480,439,2445,24450000.000000000000000,0,900,900,41.623721881390594,134.641910636506590,101770.000000000000000,11,0,463,6
,02334578,440,1309,13090000.000000000000000,0,900,900,28.572956455309395,74.693814946993882,37402.000000000000000,10,80,187,11
,02334620,441,1784,17840000.000000000000000,0,900,900,31.896300448430495,156.349742721545880,56903.000000000000000,9,3,80,3
,02334885,442,12119,121190000.000000000000000,0,900,900,77.260830101493525,229.948416656079500,936324.000000000000000,11,3,463,6
,02335350,443,2295,22950000.000000000000000,0,900,900,236.723747276688440,350.386080776112180,543281.000000000000000,11,80,7,80
,02335700,444,19072,190720000.000000000000000,0,900,900,52.446308724832214,188.356065734444510,1000256.000000000000000,11,3,463,6
,02335757,445,7703,77030000.000000000000000,0,900,900,114.010385564065940,260.151734544014230,878222.000000000000000,11,0,463,11
,023358685,446,3308,33080000.000000000000000,0,900,900,36.242442563482470,78.380643403186525,119890.000000000000000,10,80,900,17
,02335870,447,4665,46650000.000000000000000,0,900,900,164.473740621650590,254.037741426913750,767270.000000000000000,11,80,7,80
,02335910,448,4810,48100000.000000000000000,0,900,900,311.843866943866940,358.470296946548900,1499969.000000000000000,11,900,7,187
,02336030,449,357,3570000.000000000000000,0,900,900,523.596638655462130,389.460144618681680,186924.000000000000000,6,900,17,900
,02336120,450,8742,87420000.000000000000000,0,900,900,294.893273850377510,280.787858915020930,2577957.000000000000000,11,187,9,187
,02336240,451,7137,71370000.000000000000000,0,900,900,288.693148381672980,252.682908195253500,2060403.000000000000000,11,187,11,187
,02336300,452,5891,58910000.000000000000000,0,900,900,398.405364114751310,292.009819780358040,2347006.000000000000000,9,463,11,463
,02336360,453,6798,67980000.000000000000000,0,900,900,244.871579876434250,286.174609569555910,1664637.000000000000000,11,80,7,80
,02336410,454,2839,28390000.000000000000000,0,900,900,155.153575202536100,169.847756292038890,440481.000000000000000,11,80,7,80
,02336526,455,3508,35080000.000000000000000,0,900,900,370.775655644241740,284.690828543195550,1300681.000000000000000,11,463,3,463
,02336635,456,8066,80660000.000000000000000,0,900,900,136.442722539052820,175.401009866148140,1100547.000000000000000,11,80,7,80
,02336728,457,8992,89920000.000000000000000,0,900,900,211.595084519572960,236.591522128912660,1902663.000000000000000,11,80,6,80
,02336968,458,11435,114350000.000000000000000,0,900,900,39.044162658504590,115.705367687716490,446470.000000000000000,11,17,463,9
,02344350,459,33003,330030000.000000000000000,0,900,900,159.765809168863430,292.662796260843090,5272751.000000000000000,11,80,463,17
,02344478,460,3330,33300000.000000000000000,0,900,900,78.155855855855862,195.101021119021650,260259.000000000000000,11,3,11,7
,02346310,461,2504,25040000.000000000000000,0,900,900,125.218051118210870,222.343159123417620,313546.000000000000000,11,80,9,80
,02378170,462,1376,13760000.000000000000000,0,900,900,78.981104651162795,220.156342288707490,108678.000000000000000,11,3,463,3
,02392950,463,6552,65520000.000000000000000,0,900,900,178.891788766788780,327.202835260731090,1172099.000000000000000,11,0,463,11
,02392975,464,2396,23960000.000000000000000,0,900,900,80.777963272120203,137.848044675626340,193544.000000000000000,11,80,463,80
,02465292,465,2642,26420000.000000000000000,0,900,900,219.182059046177130,250.657954350811280,579079.000000000000000,11,80,7,80
,02485700,466,4506,45060000.000000000000000,0,900,900,94.381713271193959,224.366248290078370,425284.000000000000000,11,0,9,3
,03238140,467,1062,10620000.000000000000000,0,900,900,302.120527306967970,192.275791048823320,320852.000000000000000,6,463,17,187
,03260015,468,1639,16390000.000000000000000,0,900,900,153.640634533251980,201.934638259979010,251817.000000000000000,11,80,7,80
,03260050,469,3070,30700000.000000000000000,0,900,900,245.128338762214980,309.794847234117700,752544.000000000000000,11,80,9,80
,03260100,470,976,9760000.000000000000000,0,900,900,279.192622950819670,399.563514138647350,272492.000000000000000,10,900,187,17
,03277075,471,9559,95590000.000000000000000,0,900,900,124.676221362067170,279.231192540246130,1191780.000000000000000,11,3,463,9
,03284520,472,408,4080000.000000000000000,0,900,900,26.120098039215687,131.644175745961210,10657.000000000000000,10,3,0,6
,03287580,473,558,5580000.000000000000000,0,900,900,20.899641577060933,90.088769244326755,11662.000000000000000,10,3,463,3
,03287600,474,5004,50040000.000000000000000,0,900,900,103.955435651478820,235.967369212278360,520193.000000000000000,11,3,9,6
,03288200,475,5217,52170000.000000000000000,0,900,900,158.583668775158150,263.041784142418070,827331.000000000000000,11,3,7,9
,03288500,476,607,6070000.000000000000000,0,900,900,70.102141680395391,216.030634486406510,42552.000000000000000,11,3,463,3
,03289000,477,5590,55900000.000000000000000,0,900,900,67.215026833631484,182.802344716756350,375732.000000000000000,11,3,463,3
,03289193,478,2557,25570000.000000000000000,0,900,900,338.066875244427080,249.568048865635830,864437.000000000000000,11,463,9,463
,03289200,479,5300,53000000.000000000000000,0,900,900,231.439622641509430,323.493943741754490,1226630.000000000000000,11,3,9,6
,03289300,480,12714,127140000.000000000000000,0,900,900,12.855906874311783,82.243927153757824,163450.000000000000000,11,3,463,3
,03292474,481,1721,17210000.000000000000000,0,900,900,124.378849506101100,191.522359153839860,214056.000000000000000,11,80,6,80
,03292475,482,1035,10350000.000000000000000,0,900,900,117.872463768115940,166.012662241061090,121998.000000000000000,11,80,6,80
,03292480,483,1490,14900000.000000000000000,0,900,900,132.379194630872490,243.728750586463690,197245.000000000000000,11,80,7,80
,03292500,484,4525,45250000.000000000000000,0,900,900,292.768397790055250,259.490662722137930,1324777.000000000000000,11,463,3,187
,03292550,485,1369,13690000.000000000000000,0,900,900,319.568298027757460,203.393140999876810,437489.000000000000000,7,463,11,463
,03293000,486,4883,48830000.000000000000000,0,900,900,211.924431701822640,260.864805359520860,1034827.000000000000000,11,80,6,80
,03293500,487,1684,16840000.000000000000000,0,900,900,261.355700712589060,223.296166802818280,440123.000000000000000,8,463,7,187
,03293510,488,3157,31570000.000000000000000,0,900,900,308.256572695597070,249.775331532236830,973166.000000000000000,11,463,11,187
,03294550,489,7857,78570000.000000000000000,0,900,900,375.369097619956730,276.512016382438900,2949275.000000000000000,11,463,7,463
,03294570,490,3701,37010000.000000000000000,0,900,900,218.109159686571190,244.603657875259390,807222.000000000000000,11,80,6,80
,03298135,491,1419,14190000.000000000000000,0,900,900,360.911205073995750,376.270966054501680,512133.000000000000000,11,900,7,187
,03298150,492,1594,15940000.000000000000000,0,900,900,60.868883312421580,146.475976842972700,97025.000000000000000,11,80,463,17
,03298250,493,2926,29260000.000000000000000,0,900,900,69.692754613807239,119.181003870847460,203921.000000000000000,11,80,900,17
,03301900,494,883,8830000.000000000000000,0,900,900,122.627406568516420,120.594555866337270,108280.000000000000000,10,80,7,80
,03302000,495,15802,158020000.000000000000000,0,900,900,256.673079357043430,311.978536253940720,4055948.000000000000000,11,80,7,80
,03302030,496,4773,47730000.000000000000000,0,900,900,87.005237795935471,164.293592165936760,415276.000000000000000,11,80,900,17
,03431060,497,24227,242270000.000000000000000,0,900,900,74.797663763569574,177.819742963622760,1812123.000000000000000,11,3,900,6
,03431300,498,3092,30920000.000000000000000,0,900,900,308.823091849935340,303.908373621594590,954881.000000000000000,11,80,6,187
,03431700,499,6396,63960000.000000000000000,0,900,900,161.416197623514710,170.341159755922890,1032418.000000000000000,11,80,6,80
,05588720,500,2199,21990000.000000000000000,0,900,900,53.291950886766713,119.732623466267190,117189.000000000000000,11,80,463,11
,06935850,501,1444,14440000.000000000000000,0,900,900,127.892659279778400,311.446149200678010,184677.000000000000000,9,0,80,3
,06935890,502,4289,42890000.000000000000000,0,900,900,129.860806714851950,309.742512180825430,556973.000000000000000,10,0,187,3
,06935955,503,3035,30350000.000000000000000,0,900,900,318.162108731466220,402.750300264646970,965622.000000000000000,11,900,7,80
,06935980,504,974,9740000.000000000000000,0,900,900,368.479466119096510,424.223720433889010,358899.000000000000000,11,900,463,80
,06935997,505,554,5540000.000000000000000,0,900,900,93.770758122743686,270.547385648752310,51949.000000000000000,9,0,17,0
,06936475,506,10595,105950000.000000000000000,0,900,900,288.392166116092480,388.892915615508290,3055515.000000000000000,11,0,9,80
,07001910,507,300,3000000.000000000000000,0,900,900,142.853333333333320,285.996629039963010,42856.000000000000000,10,0,11,6
,07001985,508,1068,10680000.000000000000000,0,900,900,207.735955056179760,344.120111667496760,221862.000000000000000,11,0,3,17
,07005000,509,6132,61320000.000000000000000,0,900,900,211.547129810828440,324.142660487014950,1297207.000000000000000,11,0,7,80
,07010030,510,514,5140000.000000000000000,0,900,900,145.640077821011690,302.746919561990070,74859.000000000000000,11,0,9,3
,07010035,511,373,3730000.000000000000000,0,900,900,162.922252010723870,328.396521687716190,60770.000000000000000,11,3,7,3
,07010055,512,3164,31640000.000000000000000,0,900,900,107.921618204804050,270.539574491008350,341464.000000000000000,11,0,463,3
,07010061,513,1649,16490000.000000000000000,0,900,900,80.608247422680407,202.149973638951170,132923.000000000000000,11,80,463,11
,07010070,514,491,4910000.000000000000000,0,900,900,114.199592668024440,222.236523053840410,56072.000000000000000,11,0,6,17
,07010075,515,288,2880000.000000000000000,0,900,900,87.402777777777771,219.764024942552000,25172.000000000000000,11,0,463,7
,07010082,516,1485,14850000.000000000000000,0,900,900,243.288215488215490,367.295991285857380,361283.000000000000000,11,0,463,17
,07010086,517,2340,23400000.000000000000000,0,900,900,236.689743589743590,359.998073804109820,553854.000000000000000,11,0,3,80
,07010090,518,948,9480000.000000000000000,0,900,900,217.782700421940920,348.235036354193480,206458.000000000000000,11,0,3,17
,07010094,519,154,1540000.000000000000000,0,900,900,173.948051948051950,344.733603006233860,26788.000000000000000,9,0,7,3
,07010097,520,9863,98630000.000000000000000,0,900,900,394.227516982662450,420.216316383830190,3888266.000000000000000,11,900,7,80
,07010180,521,4726,47260000.000000000000000,0,900,900,225.421286500211610,364.374166574323110,1065341.000000000000000,11,0,9,9
,07010208,522,685,6850000.000000000000000,0,900,900,276.672992700729940,406.819113214270200,189521.000000000000000,11,0,187,7
,07019120,523,2489,24890000.000000000000000,0,900,900,148.481317798312570,305.564339938771010,369570.000000000000000,11,0,463,6
,07019317,524,2067,20670000.000000000000000,0,900,900,250.016448959845180,398.555732867579760,516784.000000000000000,11,0,463,3
,07031692,525,7881,78810000.000000000000000,0,900,900,122.220276614642810,276.925926898658700,963218.000000000000000,11,3,463,11
,07032200,526,17613,176130000.000000000000000,0,900,900,42.671151990007381,178.013862323306480,751567.000000000000000,11,3,463,3
,08076180,527,7312,73120000.000000000000000,0,900,900,115.881974835886210,286.316797301324530,847329.000000000000000,11,3,463,3
,0209553650,528,4599,45990000.000000000000000,0,900,900,59.295064144379211,173.764075783923520,272698.000000000000000,11,17,463,11
,10168000,529,11677,116770000.000000000000000,0,900,900,55.186092318232426,145.454107445379780,644408.000000000000000,11,0,3,0
,11161300,530,950,9500000.000000000000000,0,900,900,96.997894736842099,168.378620957554660,92148.000000000000000,11,80,3,80
,11162800,531,462,4620000.000000000000000,0,900,900,132.725108225108220,190.051018946169990,61319.000000000000000,8,80,9,80
,12081000,532,6412,64120000.000000000000000,0,900,900,125.522457891453530,251.025617914496730,804850.000000000000000,11,80,463,17
,12090400,533,1460,14600000.000000000000000,0,900,900,126.518493150684930,186.895616791329810,184717.000000000000000,10,80,6,80
,12090500,534,14961,149610000.000000000000000,0,900,900,86.502305995588529,202.943298400102920,1294161.000000000000000,11,0,463,11
,12091100,535,3480,34800000.000000000000000,0,900,900,396.052011494252890,308.902536235145870,1378261.000000000000000,11,463,11,463
,12091200,536,1223,12230000.000000000000000,0,900,900,332.506132461161090,277.323107681222670,406655.000000000000000,7,463,11,187
,12091290,537,503,5030000.000000000000000,0,900,900,141.898608349900600,157.431065598751300,71375.000000000000000,11,80,6,80
,12091300,538,31,310000.000000000000000,0,463,463,155.903225806451620,108.634740133107160,4833.000000000000000,5,187,17,187
,12091500,539,4202,42020000.000000000000000,0,900,900,309.981199428843410,284.521984252162720,1302541.000000000000000,11,187,3,187
,12102190,540,556,5560000.000000000000000,0,900,900,124.606115107913670,167.453046888510640,69281.000000000000000,9,80,7,80
,12113347,541,732,7320000.000000000000000,0,900,900,172.221311475409830,193.364127991487720,126066.000000000000000,9,80,9,80
,12113349,542,1367,13670000.000000000000000,0,900,900,345.315288953913690,342.352155853804280,472046.000000000000000,11,80,9,187
,12120000,543,3758,37580000.000000000000000,0,900,900,294.115753060138390,299.004549745215800,1105287.000000000000000,11,187,7,187
,12120500,544,1678,16780000.000000000000000,0,900,900,220.460667461263400,245.587065005963640,369933.000000000000000,10,80,6,80
,12124000,545,3398,33980000.000000000000000,0,900,900,18.396409652736903,75.833308717638545,62511.000000000000000,11,3,463,7
,12125200,546,37169,371690000.000000000000000,0,900,900,59.084452097177753,164.639948116904860,2196110.000000000000000,11,0,463,9
,12126000,547,6385,63850000.000000000000000,0,900,900,123.949569303054030,212.088268499906120,791418.000000000000000,11,80,463,80
,12127100,548,5890,58900000.000000000000000,0,900,900,195.653140916808160,232.670175546000370,1152397.000000000000000,11,80,7,80
,12128000,549,3126,31260000.000000000000000,0,900,900,410.815738963531660,197.746902501713240,1284210.000000000000000,6,463,17,463
,12157000,550,4791,47910000.000000000000000,0,900,900,75.819453141306610,220.228356668659590,363251.000000000000000,10,3,187,7
,14142800,551,2896,28960000.000000000000000,0,900,900,83.218922651933696,166.580768245063520,241002.000000000000000,11,80,7,17
,14206900,552,625,6250000.000000000000000,0,900,900,288.913599999999970,154.339839753188840,180571.000000000000000,5,187,900,187
,14206950,553,7458,74580000.000000000000000,0,900,900,239.231429337624040,271.479458424763210,1784188.000000000000000,11,187,6,187
,14211315,554,1705,17050000.000000000000000,0,900,900,157.815249266862170,165.528268006994320,269075.000000000000000,11,187,3,80
,14211499,555,1223,12230000.000000000000000,0,900,900,39.786590351594441,123.559464929798710,48659.000000000000000,11,11,463,11
,14211500,556,5629,56290000.000000000000000,0,900,900,63.152247290815417,147.951057650671600,355484.000000000000000,11,17,463,17
,14211550,557,6856,68560000.000000000000000,0,900,900,330.802946324387390,229.384896376377750,2267985.000000000000000,11,463,6,463
,06710150,558,2911,29110000.000000000000000,0,900,900,25.335623497080043,142.328852541690220,73752.000000000000000,9,0,80,0
,07103990,559,5154,51540000.000000000000000,0,900,900,42.813736903376018,156.283322057980060,220662.000000000000000,11,0,463,3
,07104500,560,2295,22950000.000000000000000,0,900,900,147.045315904139440,232.002579888692480,337469.000000000000000,11,80,6,80
,07105600,561,13465,134650000.000000000000000,0,900,900,63.528035647976232,198.155109526864410,855405.000000000000000,11,0,7,3
,08053009,562,3543,35430000.000000000000000,0,900,900,155.205475585661870,338.681030001558610,549893.000000000000000,9,0,80,0
,08056500,563,1640,16400000.000000000000000,0,900,900,344.648780487804860,223.456856884627060,565224.000000000000000,9,463,9,463
,08057200,564,17290,172900000.000000000000000,0,900,900,232.245980335454020,330.034632044129470,4015533.000000000000000,11,0,7,80
,08057445,565,2336,23360000.000000000000000,0,900,900,280.106592465753410,280.744623921187500,654329.000000000000000,11,187,7,187
,08061540,566,31084,310840000.000000000000000,0,900,900,139.993565821644580,303.427982172444730,4351560.000000000000000,11,0,7,0
,08061700,567,8218,82180000.000000000000000,0,900,900,348.744098320759290,343.551497094466470,2865979.000000000000000,11,900,7,187
,08083420,568,3231,32310000.000000000000000,0,900,900,206.502940266171460,269.966443185671380,667211.000000000000000,11,463,7,17
,08155541,569,467,4670000.000000000000000,0,900,900,297.738758029978610,236.929638036363200,139044.000000000000000,6,187,17,187
,08156675,570,1450,14500000.000000000000000,0,900,900,345.484827586206900,324.668960493190470,500953.000000000000000,11,463,9,187
,08156800,571,1854,18540000.000000000000000,0,900,900,376.338187702265370,231.584303484601580,697731.000000000000000,11,463,7,463
,08156910,572,284,2840000.000000000000000,0,900,900,507.408450704225340,286.677265046921380,144104.000000000000000,6,463,17,463
,08157000,573,310,3100000.000000000000000,0,900,900,381.970967741935510,201.793896281534780,118411.000000000000000,5,463,900,463
,08157500,574,473,4730000.000000000000000,0,900,900,392.710359408033810,291.081366969997590,185752.000000000000000,11,463,3,463
,08158030,575,432,4320000.000000000000000,0,900,900,429.263888888888910,276.784679970474540,185442.000000000000000,6,463,17,463
,08158035,576,464,4640000.000000000000000,0,900,900,337.663793103448260,251.880870992259500,156676.000000000000000,6,463,17,463
,08158045,577,385,3850000.000000000000000,0,900,900,416.514285714285730,232.983429383608580,160358.000000000000000,6,463,7,463
,08158200,578,6862,68620000.000000000000000,0,900,900,149.191635091809960,307.833972207011360,1023753.000000000000000,11,0,463,7
,08158380,579,1352,13520000.000000000000000,0,900,900,324.631656804733720,316.285211063514110,438902.000000000000000,9,80,3,187
,08158600,580,5250,52500000.000000000000000,0,900,900,168.733904761904770,287.316860183500580,885853.000000000000000,11,0,6,11
,08158970,581,7130,71300000.000000000000000,0,900,900,128.514586255259470,244.956215277239750,916309.000000000000000,11,80,6,17
,08177700,582,5673,56730000.000000000000000,0,900,900,148.695046712497800,237.909793948359320,843547.000000000000000,11,80,9,80
,08181480,583,54188,541880000.000000000000000,0,900,900,62.206521739130437,197.235416099587920,3370847.000000000000000,11,3,463,3
,08329840,584,1112,11120000.000000000000000,0,900,900,287.930755395683430,194.061205551621810,320179.000000000000000,7,463,11,187
,09483000,585,2000,20000000.000000000000000,0,900,900,349.476999999999980,276.986099779393270,698954.000000000000000,9,463,6,463
,10311300,586,7530,75300000.000000000000000,0,900,900,69.842895086321377,201.013887300771360,525917.000000000000000,11,3,7,3
,11023330,587,8134,81340000.000000000000000,0,900,900,81.159822965330704,209.507782013315220,660154.000000000000000,11,0,7,3
,11023340,588,2848,28480000.000000000000000,0,900,900,93.791432584269657,240.757563521671160,267118.000000000000000,11,0,463,6
,11045300,589,1839,18390000.000000000000000,0,900,900,80.958129418162045,196.013005439005890,148882.000000000000000,6,0,17,0
,11047000,590,9222,92220000.000000000000000,0,900,900,56.265235306874864,209.820566843405260,518878.000000000000000,11,0,463,0
,11047500,591,2305,23050000.000000000000000,0,900,900,60.906724511930584,182.724793295635660,140390.000000000000000,11,0,463,0
,11060400,592,3083,30830000.000000000000000,0,900,900,465.012974375608170,297.742791450704830,1433635.000000000000000,8,463,11,463
,11101500,593,29998,299980000.000000000000000,0,900,900,285.976998466564450,276.437119618618280,8578738.000000000000000,11,463,6,187
,11102000,594,1649,16490000.000000000000000,0,900,900,437.110976349302630,261.921604762638940,720796.000000000000000,6,463,17,463
,11102300,595,1040,10400000.000000000000000,0,900,900,251.860576923076930,292.318801179027960,261935.000000000000000,6,0,17,80
,11102500,596,1817,18170000.000000000000000,0,900,900,547.724821133736900,311.742190602303310,995216.000000000000000,5,463,80,463
,11120000,597,4951,49510000.000000000000000,0,900,900,89.955160573621484,171.235241663058500,445368.000000000000000,11,0,9,6
,11153650,598,22127,221270000.000000000000000,0,900,900,64.875988611198991,185.416908139114950,1435511.000000000000000,11,3,463,6
,11162720,599,2857,28570000.000000000000000,0,900,900,296.447322366118330,288.433308238439570,846950.000000000000000,11,463,7,187
,11166000,600,1654,16540000.000000000000000,0,900,900,100.058645707376060,208.645052051772950,165497.000000000000000,10,80,6,17
,11181040,601,12159,121590000.000000000000000,0,900,900,91.998601858705484,186.145247615022380,1118611.000000000000000,11,3,7,3
,11183000,602,13303,133030000.000000000000000,0,900,900,66.921746974366684,152.167293395057980,890260.000000000000000,11,0,9,7
,11183600,603,8499,84990000.000000000000000,0,900,900,157.106130132956820,204.205442726756220,1335245.000000000000000,11,80,7,80
,11335655,604,4508,45080000.000000000000000,0,900,900,40.028837622005327,158.405983757340070,180450.000000000000000,11,3,463,6
,11336580,605,10621,106210000.000000000000000,0,900,900,165.815459937858950,307.880810960652640,1761126.000000000000000,11,0,11,0
,11447360,606,8164,81640000.000000000000000,0,900,900,239.580352768250860,212.660655553521930,1955934.000000000000000,11,187,3,187
,11465660,607,1440,14400000.000000000000000,0,900,900,41.661111111111111,143.228461203649860,59992.000000000000000,11,0,7,3
,11465680,608,9332,93320000.000000000000000,0,900,900,94.443741963137597,223.878043642650370,881349.000000000000000,11,80,7,11
,11465690,609,872,8720000.000000000000000,0,900,900,202.575688073394500,296.232193760130310,176646.000000000000000,10,0,6,80
,11465700,610,930,9300000.000000000000000,0,900,900,84.382795698924724,154.831228702194890,78476.000000000000000,8,80,187,80
,11465750,611,8395,83950000.000000000000000,0,900,900,85.530553901131626,159.779947290128550,718029.000000000000000,11,80,7,17
,11466065,612,2699,26990000.000000000000000,0,900,900,71.957762134123755,133.076333560350290,194214.000000000000000,11,6,900,9
,11466320,613,17236,172360000.000000000000000,0,900,900,90.139591552564397,192.744220511678920,1553646.000000000000000,11,0,900,9
,11466800,614,24377,243770000.000000000000000,0,900,900,33.662181564589574,125.993939474859220,820583.000000000000000,11,3,463,3
,11447293,615,20276,202760000.000000000000000,0,900,900,85.937265732886175,201.184190547954840,1742464.000000000000000,11,80,463,17