Rowid_,GAGE_ID,ZONE_CODE,COUNT,AREA,MIN,MAX,RANGE,MEAN,STD,SUM,VARIETY,MAJORITY,MINORITY,MEDIAN
,06914990,1,2045,20450000.000000000000000,0,900,900,79.990709046454768,250.574651847302820,163581.000000000000000,10,0,11,0
,03255500,2,20211,202110000.000000000000000,0,900,900,280.700806491514530,322.370680984609290,5673244.000000000000000,11,187,7,187
,03271000,3,18038,180380000.000000000000000,0,900,900,106.549562035702410,173.029452521308400,1921941.000000000000000,11,80,900,17
,03271300,4,5182,51820000.000000000000000,0,900,900,222.767657275183320,229.973529872845690,1154382.000000000000000,11,187,7,187
,03337000,5,1104,11040000.000000000000000,0,900,900,497.104166666666690,270.132178832159640,548803.000000000000000,5,463,80,463
,03337100,6,119,1190000.000000000000000,0,900,900,656.621848739495820,331.601056034157860,78138.000000000000000,4,900,187,900
,03351072,7,4218,42180000.000000000000000,0,900,900,55.472735893788524,125.944060757813430,233984.000000000000000,11,80,463,11
,03351310,8,4622,46220000.000000000000000,0,900,900,260.216572912159220,246.318705843997610,1202721.000000000000000,11,463,3,187
,03353120,9,2129,21290000.000000000000000,0,900,900,448.374354156881170,306.272691102304920,954589.000000000000000,10,463,9,463
,03353160,10,773,7730000.000000000000000,0,900,900,431.843467011642930,173.465678459756900,333815.000000000000000,5,463,80,463
,03353180,11,877,8770000.000000000000000,0,900,900,328.477765108323810,266.992068981451500,288075.000000000000000,11,463,7,187
,03353600,12,6370,63700000.000000000000000,0,900,900,323.022762951334360,309.541646183573220,2057655.000000000000000,11,463,7,187
,03353620,13,3885,38850000.000000000000000,0,900,900,267.937194337194340,302.690387952646460,1040936.000000000000000,11,80,3,187
,03353637,14,4446,44460000.000000000000000,0,900,900,191.031264057579850,203.426287161243580,849325.000000000000000,11,80,7,80
,04087030,15,8788,87880000.000000000000000,0,900,900,99.755575785161582,189.684399677991710,876652.000000000000000,11,80,0,17
,04087070,16,5179,51790000.000000000000000,0,900,900,179.111797644332880,267.509625153834010,927620.000000000000000,11,80,0,17
,04087088,17,4689,46890000.000000000000000,0,900,900,281.054809127745780,273.383048283020970,1317866.000000000000000,11,187,9,187
,04087119,18,2769,27690000.000000000000000,0,900,900,435.557602022390770,185.470036305306960,1206059.000000000000000,5,463,0,463
,04087120,19,11154,111540000.000000000000000,0,900,900,273.629729245113880,306.644400417639250,3052066.000000000000000,11,80,9,187
,04087142,20,3907,39070000.000000000000000,0,900,900,507.779114410033290,238.847462107175460,1983893.000000000000000,10,463,7,463
,04087159,21,4809,48090000.000000000000000,0,900,900,451.854023705552090,285.494620104617410,2172966.000000000000000,11,463,3,463
,04087170,22,185317,1853170000.000000000000000,0,900,900,64.084536227113546,167.551356318723660,11875954.000000000000000,11,3,900,6
,04087204,23,6621,66210000.000000000000000,0,900,900,232.689321854704730,297.997981789710880,1540636.000000000000000,11,80,3,80
,04087214,24,3842,38420000.000000000000000,0,900,900,272.814419573138990,233.762466746114800,1048153.000000000000000,9,187,7,187
,04087220,25,8852,88520000.000000000000000,0,900,900,176.377428829643010,217.177209563121660,1561293.000000000000000,11,80,3,80
,04087240,26,36282,362820000.000000000000000,0,900,900,44.300562262278817,137.427212055405820,1607313.000000000000000,11,17,463,9
,04087257,27,9825,98250000.000000000000000,0,900,900,107.992671755725200,236.250866680665410,1061028.000000000000000,11,80,463,11
,04093000,28,32120,321200000.000000000000000,0,900,900,113.646699875466990,213.415681999894960,3650332.000000000000000,11,80,7,17
,04094500,29,19214,192140000.000000000000000,0,900,900,97.813105027584058,184.454268070652890,1879381.000000000000000,11,80,900,17
,04101370,30,9191,91910000.000000000000000,0,900,900,131.314220433032320,215.857086645833310,1206909.000000000000000,11,80,6,80
,04106180,31,3644,36440000.000000000000000,0,900,900,135.030461031833140,187.910460801127750,492051.000000000000000,10,80,6,80
,04106300,32,1416,14160000.000000000000000,0,900,900,241.413841807909590,276.287294551230220,341842.000000000000000,11,80,7,187
,04106500,33,8070,80700000.000000000000000,0,900,900,120.556877323420070,194.258215907965620,972894.000000000000000,11,80,3,80
,04160800,34,5474,54740000.000000000000000,0,900,900,110.575630252100840,198.100504448675790,605291.000000000000000,11,80,6,80
,04161100,35,4558,45580000.000000000000000,0,900,900,303.414655550680100,352.127297546317380,1382964.000000000000000,11,900,6,80
,04162900,36,6446,64460000.000000000000000,0,900,900,397.553366428793030,286.075500933312750,2562629.000000000000000,7,187,11,463
,04163400,37,4257,42570000.000000000000000,0,900,900,235.894526661968510,218.585834143157480,1004203.000000000000000,11,187,7,187
,04165500,38,168627,1686270000.000000000000000,0,900,900,150.009790840138290,237.446407380726100,25295701.000000000000000,11,80,7,17
,04166000,39,8419,84190000.000000000000000,0,900,900,213.883715405630110,213.365723763525180,1800687.000000000000000,11,80,3,187
,04166100,40,14006,140060000.000000000000000,0,900,900,236.561045266314440,194.460046033933990,3313274.000000000000000,11,187,7,187
,04166300,41,4573,45730000.000000000000000,0,900,900,264.678766673955810,259.744643693480900,1210376.000000000000000,11,187,3,187
,04166500,42,20600,206000000.000000000000000,0,900,900,368.999077669902930,244.850079252241440,7601381.000000000000000,11,463,6,463
,04167000,43,22977,229770000.000000000000000,0,900,900,251.057666362014170,291.373516947246510,5768552.000000000000000,11,463,9,80
,04168000,44,21783,217830000.000000000000000,0,900,900,202.583528439608870,283.163508256802460,4412877.000000000000000,11,80,7,80
,04174518,45,2633,26330000.000000000000000,0,900,900,353.427269274591710,297.463066368623740,930574.000000000000000,11,463,6,463
,05288705,46,7284,72840000.000000000000000,0,900,900,306.769769357495870,388.113142641910660,2234511.000000000000000,11,0,9,80
,05289800,47,41389,413890000.000000000000000,0,900,900,88.936770639541905,231.661070357568660,3681004.000000000000000,11,0,7,0
,05345000,48,33430,334300000.000000000000000,0,900,900,91.332575530960213,253.120729715492620,3053248.000000000000000,11,0,463,3
,05422600,49,14838,148380000.000000000000000,0,900,900,104.957002291413940,258.625829381161280,1557352.000000000000000,11,0,9,3
,05427948,50,4708,47080000.000000000000000,0,900,900,101.396983857264230,236.816568004230220,477377.000000000000000,11,3,187,7
,054310157,51,1114,11140000.000000000000000,0,900,900,133.663375224416510,259.344794454930200,148901.000000000000000,11,3,9,3
,05435935,52,2770,27700000.000000000000000,0,900,900,147.379422382671490,207.032969894877060,408241.000000000000000,11,463,900,17
,05435943,53,2448,24480000.000000000000000,0,900,900,99.875816993464056,227.752402762741010,244496.000000000000000,11,3,9,6
,05454090,54,2257,22570000.000000000000000,0,900,900,79.180770934869301,205.487852512283870,178711.000000000000000,11,0,7,6
,05484800,55,20185,201850000.000000000000000,0,900,900,95.047609611097343,248.361124009186370,1918536.000000000000000,11,3,7,3
,05527905,56,1398,13980000.000000000000000,0,900,900,78.722460658082980,140.857425239712460,110054.000000000000000,11,0,900,11
,05527950,57,14216,142160000.000000000000000,0,900,900,66.003798536859875,162.607179881432730,938310.000000000000000,11,0,900,6
,05529000,58,78666,786660000.000000000000000,0,900,900,129.769849744489360,244.373377432595620,10208475.000000000000000,11,3,7,11
,05529500,59,2201,22010000.000000000000000,0,900,900,357.283053157655620,227.729175358256530,786380.000000000000000,7,463,11,463
,05530000,60,3305,33050000.000000000000000,0,900,900,407.108018154311650,181.628725091522480,1345492.000000000000000,8,463,6,463
,05530990,61,7090,70900000.000000000000000,0,900,900,320.737094499294760,276.312726782986200,2274026.000000000000000,11,463,3,187
,05531000,62,504,5040000.000000000000000,0,900,900,465.250000000000000,321.194702176653610,234486.000000000000000,7,463,7,463
,05532000,63,4708,47080000.000000000000000,0,900,900,512.554587935429030,296.295972120654540,2413107.000000000000000,10,463,6,463
,05532500,64,51900,519000000.000000000000000,0,900,900,422.567360308285170,324.312706488284960,21931246.000000000000000,11,463,7,463
,05533000,65,4259,42590000.000000000000000,0,900,900,315.835876966424050,239.697290058179250,1345145.000000000000000,11,463,7,187
,05533400,66,3343,33430000.000000000000000,0,900,900,286.679329943164820,297.036263948391540,958369.000000000000000,11,463,6,187
,05534500,67,5164,51640000.000000000000000,0,900,900,176.779434546862890,279.111559315902640,912889.000000000000000,11,80,3,80
,05535000,68,3007,30070000.000000000000000,0,900,900,244.877951446624540,316.645774949772600,736348.000000000000000,11,80,9,80
,05535070,69,2158,21580000.000000000000000,0,900,900,265.626969416126030,248.671624414345500,573223.000000000000000,8,463,9,187
,05535500,70,2992,29920000.000000000000000,0,900,900,314.364973262032090,320.812563686519180,940580.000000000000000,11,80,3,187
,05536000,71,12154,121540000.000000000000000,0,900,900,320.593796281059720,278.206207502151070,3896497.000000000000000,11,463,11,187
,05536105,72,3511,35110000.000000000000000,0,900,900,439.700939903161500,256.756771811276620,1543790.000000000000000,9,463,6,463
,05536118,73,16774,167740000.000000000000000,0,900,900,488.709013950160970,206.633997013216490,8197605.000000000000000,11,463,3,463
,05536215,74,6517,65170000.000000000000000,0,900,900,274.482123676538270,303.406226905443480,1788800.000000000000000,11,0,7,187
,05536235,75,5934,59340000.000000000000000,0,900,900,101.104145601617800,200.314849763389700,599952.000000000000000,11,3,7,11
,05536255,76,6032,60320000.000000000000000,0,900,900,210.142075596816970,271.229308406978700,1267577.000000000000000,11,0,7,80
,05536270,77,4583,45830000.000000000000000,0,900,900,175.096443377700180,257.919377469550340,802467.000000000000000,11,0,7,17
,05536275,78,3778,37780000.000000000000000,0,900,900,190.214663843303330,283.257732581357000,718631.000000000000000,11,0,7,3
,05536290,79,29002,290020000.000000000000000,0,900,900,196.467588442176410,251.760143081893320,5697953.000000000000000,11,463,9,80
,05536340,80,3307,33070000.000000000000000,0,900,900,282.323556093135780,264.487120461326980,933644.000000000000000,11,463,7,187
,05536500,81,2908,29080000.000000000000000,0,900,900,235.590784044016520,249.335964767109720,685098.000000000000000,11,0,11,187
,05536995,82,85001,850010000.000000000000000,0,900,900,433.859025187938980,301.331466759388260,36878451.000000000000000,11,463,9,463
,05537500,83,5456,54560000.000000000000000,0,900,900,104.051869501466270,155.321477659910390,567707.000000000000000,11,80,6,80
,05537980,84,25380,253800000.000000000000000,0,900,900,216.438652482269500,314.234585059747990,5493213.000000000000000,11,0,7,80
,05539000,85,27804,278040000.000000000000000,0,900,900,130.336138685081290,247.876719545509390,3623866.000000000000000,11,0,7,11
,05539900,86,7177,71770000.000000000000000,0,900,900,272.233245088477080,271.203270801284820,1953818.000000000000000,11,463,6,187
,05540060,87,4871,48710000.000000000000000,0,900,900,222.101621843563950,356.967712247462090,1081857.000000000000000,11,0,7,3
,05540091,88,2061,20610000.000000000000000,0,900,900,198.095584667637070,219.826337626157280,408275.000000000000000,9,463,9,80
,05540095,89,9598,95980000.000000000000000,0,900,900,293.351323192331730,306.175199001589250,2815586.000000000000000,11,463,7,187
,05540130,90,8255,82550000.000000000000000,0,900,900,313.773228346456680,296.490112983089150,2590198.000000000000000,11,463,7,187
,05540160,91,6563,65630000.000000000000000,0,900,900,353.883589821727870,270.267185439921490,2322538.000000000000000,11,463,3,463
,05540195,92,2618,26180000.000000000000000,0,900,900,380.935446906035170,238.364294905430090,997289.000000000000000,10,463,7,463
,05540250,93,9464,94640000.000000000000000,0,900,900,280.722844463229080,275.517341323429260,2656761.000000000000000,11,463,7,187
,05540275,94,2468,24680000.000000000000000,0,900,900,206.263776337115080,301.746282488762230,509059.000000000000000,11,0,6,80
,05540500,95,29725,297250000.000000000000000,0,900,900,134.988999158957110,263.798358743540230,4012548.000000000000000,11,0,7,6
,05550500,96,9247,92470000.000000000000000,0,900,900,188.741537796041970,261.443932093602260,1745293.000000000000000,11,0,7,80
,05551200,97,13395,133950000.000000000000000,0,900,900,59.535050391937290,142.056412069524380,797472.000000000000000,11,80,463,11
,05551330,98,7256,72560000.000000000000000,0,900,900,93.626378169790513,216.920703948322630,679353.000000000000000,11,3,463,9
,05551675,99,14745,147450000.000000000000000,0,900,900,52.708104442183789,157.407511139099400,777181.000000000000000,11,3,9,3
,05551700,100,3492,34920000.000000000000000,0,900,900,20.516036655211913,77.496609876610080,71642.000000000000000,11,3,463,3
,05579725,101,6463,64630000.000000000000000,0,900,900,91.251121770075812,229.141400531015020,589756.000000000000000,11,3,9,3
,05580950,102,8829,88290000.000000000000000,0,900,900,300.738248952316210,318.340553346584330,2655218.000000000000000,11,463,7,187
,06892513,103,15073,150730000.000000000000000,0,900,900,138.102235785842230,300.896223994124800,2081615.000000000000000,11,3,463,3
,06893300,104,6881,68810000.000000000000000,0,900,900,270.833599767475680,383.126703949406080,1863606.000000000000000,11,0,7,17
,06893390,105,9874,98740000.000000000000000,0,900,900,178.490885152926860,318.370168636867620,1762419.000000000000000,11,0,7,11
,06893400,106,89,890000.000000000000000,0,900,900,410.134831460674150,428.555902532864540,36502.000000000000000,9,900,7,187
,06893500,107,30884,308840000.000000000000000,0,900,900,47.839560937702373,175.176279933764620,1477477.000000000000000,11,0,463,3
,06893557,108,3396,33960000.000000000000000,0,900,900,162.523851590106010,269.615155139770930,551931.000000000000000,11,80,7,80
,06893560,109,674,6740000.000000000000000,0,900,900,524.228486646884220,412.436929470294790,353330.000000000000000,8,900,7,900
,06893562,110,620,6200000.000000000000000,0,900,900,247.941935483870960,298.531237652474890,153724.000000000000000,10,0,7,80
,06893578,111,13609,136090000.000000000000000,0,900,900,221.861415239914750,335.111211008797740,3019312.000000000000000,11,0,7,17
,06893620,112,2438,24380000.000000000000000,0,900,900,174.759228876127960,290.090240597030910,426063.000000000000000,11,0,7,80
,06893970,113,2173,21730000.000000000000000,0,900,900,163.311550851357570,266.262336582221850,354876.000000000000000,11,80,7,17
,07164600,114,3020,30200000.000000000000000,0,900,900,386.085099337748320,217.364729290562880,1165977.000000000000000,7,463,7,463
,07165562,115,4652,46520000.000000000000000,0,900,900,260.200773860705060,282.338371144542290,1210454.000000000000000,11,80,7,187
,07165565,116,1424,14240000.000000000000000,0,900,900,279.490168539325850,248.657719406006610,397994.000000000000000,11,463,6,187
,07177800,117,2165,21650000.000000000000000,0,900,900,429.638799076212480,249.017407166645460,930168.000000000000000,11,463,9,463
,04168580,118,2750,27500000.000000000000000,0,900,900,320.232727272727290,323.412954738306670,880640.000000000000000,11,80,7,187
,01451500,119,21227,212270000.000000000000000,0,900,900,95.368351627644032,186.675289157845780,2024384.000000000000000,11,80,7,17
,01451650,120,4174,41740000.000000000000000,0,900,900,241.436272160996650,261.696467037103280,1007755.000000000000000,11,187,9,187
,01537500,121,4456,44560000.000000000000000,0,900,900,122.122531418312390,259.023972075808960,544178.000000000000000,11,0,9,3
,01569800,122,5970,59700000.000000000000000,0,900,900,135.382747068676710,244.058787719558210,808235.000000000000000,11,80,7,17
,01616000,123,4471,44710000.000000000000000,0,900,900,183.679490046969360,251.077000965056730,821231.000000000000000,11,80,9,80
,02423397,124,4391,43910000.000000000000000,0,900,900,116.379867911637450,189.735526763493370,511024.000000000000000,11,80,9,80
,02423630,125,18633,186330000.000000000000000,0,900,900,148.186497075081830,245.567810072453540,2761159.000000000000000,11,80,6,17
,02457000,126,5722,57220000.000000000000000,0,900,900,220.955260398462090,204.841166823885910,1264306.000000000000000,11,187,3,187
,02457595,127,7850,78500000.000000000000000,0,900,900,147.525477707006360,239.866615642800610,1158075.000000000000000,11,80,9,80
,02458300,128,6552,65520000.000000000000000,0,900,900,386.453144078144080,312.288527131799980,2532041.000000000000000,11,463,7,463
,02458450,129,1915,19150000.000000000000000,0,900,900,457.953524804177560,348.586529569397330,876981.000000000000000,9,900,7,463
,02458600,130,4925,49250000.000000000000000,0,900,900,196.007715736040610,248.691540213916310,965338.000000000000000,11,80,7,80
,02461500,131,13656,136560000.000000000000000,0,900,900,358.934827182190990,303.900181953552760,4901614.000000000000000,11,463,7,463
,02462000,132,24767,247670000.000000000000000,0,900,900,56.541446279323296,139.162398013146290,1400362.000000000000000,11,3,900,9
,03049658,133,4492,44920000.000000000000000,0,900,900,136.867097061442560,164.924351676189990,614807.000000000000000,11,80,3,80
,03049676,134,2210,22100000.000000000000000,0,900,900,118.319004524886880,159.659249854705880,261485.000000000000000,8,80,7,80
,03049807,135,15395,153950000.000000000000000,0,900,900,125.426956804157200,167.030540138432260,1930948.000000000000000,11,80,7,80
,03084000,136,1135,11350000.000000000000000,0,900,900,235.099559471365640,207.302408973764130,266838.000000000000000,11,80,6,187
,03084698,137,30305,303050000.000000000000000,0,900,900,132.219039762415430,198.205497330971350,4006898.000000000000000,11,80,7,80
,03084800,138,4003,40030000.000000000000000,0,900,900,292.629777666749930,234.690528355003860,1171397.000000000000000,10,463,7,187
,03085049,139,1587,15870000.000000000000000,0,900,900,391.645872715815980,231.828423100075500,621542.000000000000000,5,463,80,463
,03085213,140,4667,46670000.000000000000000,0,900,900,383.472037711592010,188.802659420313400,1789664.000000000000000,8,463,9,463
,03085956,141,6713,67130000.000000000000000,0,900,900,195.513034410844630,319.341691469878410,1312479.000000000000000,11,0,7,17
,03491544,142,1247,12470000.000000000000000,0,900,900,162.585404971932630,226.036592218934910,202744.000000000000000,11,80,6,80
,03535400,143,22498,224980000.000000000000000,0,900,900,103.750244466174780,155.444833489236800,2334173.000000000000000,11,80,7,80
,03538250,144,5045,50450000.000000000000000,0,900,900,181.317542120911780,277.138682281191960,914747.000000000000000,11,0,7,80
,06918493,145,3978,39780000.000000000000000,0,900,900,135.592508798391150,308.739674549149070,539387.000000000000000,11,3,463,3
,07019072,146,1007,10070000.000000000000000,0,900,900,146.735849056603770,323.131001648348790,147763.000000000000000,11,3,463,3
,07019150,147,1320,13200000.000000000000000,0,900,900,148.316666666666660,286.890729427273640,195778.000000000000000,11,80,463,17
,07019175,148,1322,13220000.000000000000000,0,900,900,119.827534039334340,262.929534283059070,158412.000000000000000,11,3,463,9
,07019185,149,3003,30030000.000000000000000,0,900,900,142.133866133866120,297.438361933115970,426828.000000000000000,11,0,463,9
,07019195,150,653,6530000.000000000000000,0,900,900,253.177641653905060,392.801048491628590,165325.000000000000000,11,3,463,6
,07019220,151,1115,11150000.000000000000000,0,900,900,213.177578475336330,355.459615107836900,237693.000000000000000,11,900,463,11
,07048480,152,223,2230000.000000000000000,0,900,900,396.246636771300470,345.853006924911090,88363.000000000000000,8,900,9,463
,07048490,153,343,3430000.000000000000000,0,900,900,356.034985422740530,282.196123001795800,122120.000000000000000,7,463,11,463
,07052000,154,5031,50310000.000000000000000,0,900,900,394.181474855893440,406.447216200868130,1983127.000000000000000,11,900,7,187
,07052100,155,4112,41120000.000000000000000,0,900,900,190.814931906614790,337.399313473354710,784631.000000000000000,11,0,7,7
,07052120,156,2733,27330000.000000000000000,0,900,900,312.643249176728890,397.866769199076940,854454.000000000000000,11,900,9,80
,07052152,157,1205,12050000.000000000000000,0,900,900,91.546058091286312,258.151216089095330,110313.000000000000000,10,0,9,0
,07195000,158,33596,335960000.000000000000000,0,900,900,73.625431598999882,180.552920109567140,2473520.000000000000000,11,3,900,9
,07263580,159,4987,49870000.000000000000000,0,900,900,265.094846601163000,259.154307142054390,1322028.000000000000000,11,463,7,187
,010965852,160,12334,123340000.000000000000000,0,900,900,121.883736014269500,171.873003805485750,1503314.000000000000000,11,80,3,80
,01097300,161,3090,30900000.000000000000000,0,900,900,97.906796116504850,195.291146982486450,302532.000000000000000,11,80,7,80
,01097380,162,9144,91440000.000000000000000,0,900,900,107.868219597550310,164.945048447972000,986347.000000000000000,11,80,6,80
,01100600,163,9655,96550000.000000000000000,0,900,900,244.641947177628170,292.216842580409320,2362018.000000000000000,11,187,6,187
,01100627,164,9735,97350000.000000000000000,0,900,900,198.691114535182320,245.910989400433440,1934258.000000000000000,11,80,7,80
,01102500,165,5953,59530000.000000000000000,0,900,900,363.204434738787140,294.646371937112920,2162156.000000000000000,7,463,11,463
,01103025,166,2161,21610000.000000000000000,0,900,900,407.449329014345210,250.644964156796870,880498.000000000000000,6,463,17,463
,01103280,167,16950,169500000.000000000000000,0,900,900,138.875221238938050,218.414829136217240,2353935.000000000000000,11,80,9,80
,01103500,168,30423,304230000.000000000000000,0,900,900,104.919140124248100,161.748905144900220,3191955.000000000000000,11,80,3,80
,01104200,169,7515,75150000.000000000000000,0,900,900,250.881570192947440,276.661290522633350,1885375.000000000000000,11,463,3,187
,01105600,170,1269,12690000.000000000000000,0,900,900,255.033884948778560,287.294717944798380,323638.000000000000000,10,463,6,187
,01105638,171,3812,38120000.000000000000000,0,900,900,122.983210912906610,203.588114559003770,468812.000000000000000,11,0,3,80
,01105730,172,7942,79420000.000000000000000,0,900,900,140.038781163434890,185.920103329047950,1112188.000000000000000,11,80,7,80
,01105933,173,6829,68290000.000000000000000,0,900,900,127.576804803045830,238.029578192667320,871222.000000000000000,11,0,3,17
,01106500,174,10473,104730000.000000000000000,0,900,900,242.437792418600200,254.479322447808580,2539051.000000000000000,11,80,6,187
,01108320,175,5807,58070000.000000000000000,0,900,900,92.210091269157914,133.008963917056720,535464.000000000000000,11,80,7,80
,01108410,176,6667,66670000.000000000000000,0,900,900,96.055347232638368,165.309774425031070,640401.000000000000000,11,80,7,80
,01108500,177,5182,51820000.000000000000000,0,900,900,97.470281744500198,187.829757844582730,505091.000000000000000,11,0,3,80
,01109000,178,6110,61100000.000000000000000,0,900,900,116.904091653027820,199.717023951204850,714284.000000000000000,11,80,3,80
,01109060,179,10504,105040000.000000000000000,0,900,900,129.720582635186590,214.187030547251200,1362585.000000000000000,11,80,3,80
,01110000,180,6612,66120000.000000000000000,0,900,900,212.725650332728380,252.283714585673830,1406542.000000000000000,11,80,7,80
,01114000,181,6040,60400000.000000000000000,0,900,900,289.440066225165540,291.623323198108100,1748218.000000000000000,11,463,6,187
,01116905,182,4084,40840000.000000000000000,0,900,900,111.342066601371200,212.544534212811300,454721.000000000000000,11,80,3,80
,01117000,183,1890,18900000.000000000000000,0,900,900,207.192592592592600,259.101124153722880,391594.000000000000000,10,80,6,80
,01189000,184,11648,116480000.000000000000000,0,900,900,140.102421016483500,188.417610141532070,1631913.000000000000000,11,80,9,80
,01195490,185,4776,47760000.000000000000000,0,900,900,212.234296482412050,227.046293594812030,1013631.000000000000000,11,80,7,80
,01196500,186,23813,238130000.000000000000000,0,900,900,164.507789862680060,220.008397258738680,3917424.000000000000000,11,80,7,80
,01201487,187,15546,155460000.000000000000000,0,900,900,178.862408336549610,220.846729788134870,2780595.000000000000000,11,80,9,80
,01300000,188,2427,24270000.000000000000000,0,900,900,182.106716110424400,260.899047296681770,441973.000000000000000,11,80,7,80
,01300500,189,1170,11700000.000000000000000,0,900,900,224.501709401709410,210.603318324725450,262667.000000000000000,9,80,7,80
,01301000,190,5781,57810000.000000000000000,0,900,900,233.538142189932530,253.106973602919880,1350084.000000000000000,11,80,6,187
,01356190,191,4078,40780000.000000000000000,0,900,900,179.450711132908280,203.920288252530240,731800.000000000000000,8,80,9,80
,01376500,192,6246,62460000.000000000000000,0,900,900,260.944124239513310,277.589434691270180,1629857.000000000000000,11,463,7,187
,01377370,193,3542,35420000.000000000000000,0,900,900,273.953133822699040,206.044667288881640,970342.000000000000000,11,463,3,187
,01391000,194,4243,42430000.000000000000000,0,900,900,209.149893942964890,180.277451779059280,887423.000000000000000,11,187,7,187
,01391500,195,10430,104300000.000000000000000,0,900,900,240.792425695110270,209.210980776882510,2511465.000000000000000,7,80,11,187
,03098500,196,17451,174510000.000000000000000,0,900,900,113.300097415620880,188.882917394047580,1977200.000000000000000,11,80,900,17
,03098700,197,3267,32670000.000000000000000,0,900,900,120.320783593510870,158.992654429289220,393088.000000000000000,11,80,3,80
,03115973,198,903,9030000.000000000000000,0,900,900,224.912513842746390,266.858351833086770,203096.000000000000000,11,80,9,80
,03118500,199,45392,453920000.000000000000000,0,900,900,159.847263835037010,243.806885396907150,7255787.000000000000000,11,80,6,80
,03130500,200,1215,12150000.000000000000000,0,900,900,235.283950617283950,281.536157999173950,285870.000000000000000,9,80,7,80
,04206043,201,6700,67000000.000000000000000,0,900,900,172.019701492537310,234.541979630227640,1152532.000000000000000,11,80,6,80
,04207200,202,22240,222400000.000000000000000,0,900,900,157.344289568345320,248.484918116250840,3499337.000000000000000,11,80,7,80
,04208460,203,4681,46810000.000000000000000,0,900,900,384.895321512497330,257.300568827546670,1801695.000000000000000,11,463,9,463
,04216200,204,3958,39580000.000000000000000,0,900,900,369.868115209701900,274.558444328768190,1463938.000000000000000,11,463,9,463
,04240100,205,2598,25980000.000000000000000,0,900,900,144.228637413394920,163.561393846811540,374706.000000000000000,11,80,3,80
,04240120,206,7583,75830000.000000000000000,0,900,900,332.227614400633000,343.552254071392380,2519282.000000000000000,11,463,6,187
,04282813,207,1778,17780000.000000000000000,0,900,900,216.298087739032610,288.980440809921330,384578.000000000000000,11,80,7,80
,04292770,208,339,3390000.000000000000000,0,900,900,146.504424778761060,242.830134392772380,49665.000000000000000,11,6,7,6
,01302500,209,3051,30510000.000000000000000,0,900,900,193.331039003605380,212.757918092636880,589853.000000000000000,11,80,7,80
,01303500,210,1908,19080000.000000000000000,0,900,900,130.064989517819700,150.872320166077830,248164.000000000000000,7,80,6,80
,01304000,211,5792,57920000.000000000000000,0,900,900,269.607907458563550,239.736600308027850,1561569.000000000000000,6,187,17,187
,01305000,212,19014,190140000.000000000000000,0,900,900,187.702534974229510,196.064911276817300,3568976.000000000000000,11,80,7,80
,01305500,213,2132,21320000.000000000000000,0,900,900,240.149624765478420,229.845887341119410,511999.000000000000000,11,80,7,187
,01306000,214,3627,36270000.000000000000000,0,900,900,270.221119382409710,250.003672794777600,980092.000000000000000,10,187,7,187
,01306440,215,4136,41360000.000000000000000,0,900,900,293.503384912959400,222.186717896079730,1213930.000000000000000,8,463,9,187
,01306460,216,1391,13910000.000000000000000,0,900,900,302.605319913731140,285.540304523344670,420924.000000000000000,6,463,17,187
,01306500,217,1654,16540000.000000000000000,0,900,900,221.493954050785990,311.579252932936750,366351.000000000000000,9,0,7,0
,01307000,218,1403,14030000.000000000000000,0,900,900,371.988595866001450,282.899285209441130,521900.000000000000000,8,463,9,463
,01307500,219,1118,11180000.000000000000000,0,900,900,430.140429338103730,244.087484962623960,480897.000000000000000,6,463,17,463
,01308000,220,5830,58300000.000000000000000,0,900,900,291.068267581475140,266.616628433742050,1696928.000000000000000,10,463,9,187
,01308500,221,9401,94010000.000000000000000,0,900,900,260.340176576959890,223.333986143151520,2447458.000000000000000,9,463,7,187
,01309000,222,993,9930000.000000000000000,0,900,900,312.343403826787490,328.279806443413070,310157.000000000000000,11,463,17,187
,01309500,223,9426,94260000.000000000000000,0,900,900,343.337789093995350,294.875594478278910,3236302.000000000000000,11,463,3,463
,01309950,224,3785,37850000.000000000000000,0,900,900,449.564068692206090,191.600236562528610,1701600.000000000000000,7,463,11,463
,01310000,225,210,2100000.000000000000000,0,900,900,464.547619047619040,233.248181984539710,97555.000000000000000,5,463,80,463
,01310500,226,7790,77900000.000000000000000,0,900,900,323.647496790757370,285.010436046611740,2521214.000000000000000,11,463,7,187
,01311000,227,2634,26340000.000000000000000,0,900,900,399.601746393318140,246.022633882891450,1052551.000000000000000,10,463,9,463
,01311500,228,1812,18120000.000000000000000,0,900,900,441.065673289183220,152.383410332011640,799211.000000000000000,5,463,80,463
,01311810,229,3359,33590000.000000000000000,0,900,900,465.545102709139600,190.600349624155030,1563766.000000000000000,11,463,17,463
,01405500,230,24584,245840000.000000000000000,0,900,900,102.613935893263910,170.595115204572490,2522661.000000000000000,11,80,7,17
,01406050,231,4053,40530000.000000000000000,0,900,900,117.853935356526040,171.976118191333910,477662.000000000000000,11,80,900,80
,01407290,232,1695,16950000.000000000000000,0,900,900,87.868436578171085,162.893460415783040,148937.000000000000000,11,80,463,17
,01407760,233,1635,16350000.000000000000000,0,900,900,181.863608562691130,195.838300934654140,297347.000000000000000,11,80,6,80
,01408120,234,9158,91580000.000000000000000,0,900,900,127.087246123607770,175.135206649746210,1163865.000000000000000,11,80,7,80
,01467081,235,2326,23260000.000000000000000,0,900,900,377.222269991401560,298.054090382627240,877419.000000000000000,11,463,9,463
,01467150,236,4699,46990000.000000000000000,0,900,900,256.113215577782510,250.706337254876390,1203476.000000000000000,11,80,3,187
,01475000,237,1563,15630000.000000000000000,0,900,900,194.715291106845800,173.356725446533570,304340.000000000000000,8,187,11,187
,02233200,238,6861,68610000.000000000000000,0,900,900,184.698877714618870,215.301020321791530,1267219.000000000000000,11,463,6,80
,02233475,239,12039,120390000.000000000000000,0,900,900,176.836365146606850,224.498895918380950,2128933.000000000000000,11,80,9,80
,02234308,240,5918,59180000.000000000000000,0,900,900,292.369212571814780,272.157906433421150,1730241.000000000000000,11,463,7,187
,02234324,241,2608,26080000.000000000000000,0,900,900,288.306365030674840,226.581888234807540,751903.000000000000000,9,463,3,187
,02234344,242,6229,62290000.000000000000000,0,900,900,184.966286723390600,223.835176083585820,1152155.000000000000000,11,80,7,80
,02234384,243,4642,46420000.000000000000000,0,900,900,235.550409306333480,252.872733368768220,1093425.000000000000000,11,80,7,187
,02234400,244,4270,42700000.000000000000000,0,900,900,238.891569086651060,234.885954087826920,1020067.000000000000000,11,80,3,187
,02234990,245,10778,107780000.000000000000000,0,900,900,312.096863982185940,276.704220986031600,3363780.000000000000000,11,463,7,187
,02235000,246,33857,338570000.000000000000000,0,900,900,102.555099388605020,180.133441515683930,3472208.000000000000000,11,0,7,17
,02240954,247,9468,94680000.000000000000000,0,900,900,186.983417828474870,189.823586300519050,1770359.000000000000000,11,80,6,80
,02246459,248,5610,56100000.000000000000000,0,900,900,250.540641711229940,284.651952232456380,1405533.000000000000000,11,80,6,187
,02246828,249,6382,63820000.000000000000000,0,900,900,136.938890629896580,264.496980108025750,873944.000000000000000,11,0,7,17
,02262900,250,21007,210070000.000000000000000,0,900,900,216.866235064502320,312.957760591328910,4555709.000000000000000,11,0,7,11
,02263800,251,27085,270850000.000000000000000,0,900,900,210.869817242015870,300.682387347108720,5711409.000000000000000,11,0,9,80
,02264000,252,6923,69230000.000000000000000,0,900,900,63.489960999566662,128.086125223757080,439541.000000000000000,11,0,900,11
,02264100,253,4216,42160000.000000000000000,0,900,900,122.338472485768510,299.713834894667850,515779.000000000000000,11,0,463,0
,02293055,254,19079,190790000.000000000000000,0,900,900,45.496776560616382,126.946112403083970,868033.000000000000000,11,0,900,7
,02293190,255,1290,12900000.000000000000000,0,900,900,289.586046511627900,251.765500818121210,373566.000000000000000,8,463,11,187
,02299861,256,1403,14030000.000000000000000,0,900,900,313.583036350677110,274.750631544397040,439957.000000000000000,10,463,17,187
,02301738,257,761,7610000.000000000000000,0,900,900,142.157687253613660,272.347861247926910,108182.000000000000000,11,80,463,17
,02301750,258,3593,35930000.000000000000000,0,900,900,279.300027831895360,309.954179285150130,1003525.000000000000000,11,80,3,187
,02303205,259,5731,57310000.000000000000000,0,900,900,155.927412318967010,227.520330028836700,893620.000000000000000,11,80,7,80
,02303300,260,9427,94270000.000000000000000,0,900,900,105.489445210565390,159.733561340173680,994449.000000000000000,11,80,6,80
,02303350,261,4222,42220000.000000000000000,0,900,900,58.951681667456185,185.259901770313040,248894.000000000000000,11,0,463,6
,02306500,262,1362,13620000.000000000000000,0,900,900,317.690895741556520,265.317924807228390,432695.000000000000000,11,463,6,187
,02306647,263,2835,28350000.000000000000000,0,900,900,366.977777777777760,310.489534169711080,1040382.000000000000000,10,463,6,463
,02306950,264,4197,41970000.000000000000000,0,900,900,200.079818918274950,204.605218098101630,839735.000000000000000,11,80,9,80
,02307000,265,6514,65140000.000000000000000,0,900,900,128.159502609763590,184.233375479546940,834831.000000000000000,11,80,7,80
,02307668,266,767,7670000.000000000000000,0,900,900,439.358539765319450,309.986045868309700,336988.000000000000000,9,463,3,463
,02307671,267,442,4420000.000000000000000,0,900,900,390.902714932126680,278.716956999975080,172779.000000000000000,9,463,7,463
,02307697,268,955,9550000.000000000000000,0,900,900,297.024083769633530,246.502110578081020,283658.000000000000000,11,463,6,187
,02308935,269,675,6750000.000000000000000,0,900,900,478.626666666666670,236.351295101796040,323073.000000000000000,5,463,80,463
,02309415,270,116,1160000.000000000000000,0,900,900,450.206896551724130,285.590601520035140,52224.000000000000000,4,187,0,463
,02309421,271,686,6860000.000000000000000,0,900,900,434.091836734693860,245.368239995862610,297787.000000000000000,7,463,9,463
,02309848,272,2355,23550000.000000000000000,0,900,900,80.366454352441608,208.916375909350790,189263.000000000000000,11,80,463,9
,02310525,273,8484,84840000.000000000000000,0,900,900,159.439651107967930,187.674290548873590,1352686.000000000000000,11,80,6,80
,08068325,274,10547,105470000.000000000000000,0,900,900,61.360007585095289,169.607531408419160,647164.000000000000000,11,17,463,11
,08069000,275,72679,726790000.000000000000000,0,900,900,64.175993065397151,166.214391459139080,4664247.000000000000000,11,3,900,6
,08072760,276,4910,49100000.000000000000000,0,900,900,91.614663951120164,183.649573853070960,449828.000000000000000,11,3,11,7
,08074020,277,10435,104350000.000000000000000,0,900,900,297.077719214183050,302.317098391487490,3100006.000000000000000,11,80,7,187
,08074150,278,2259,22590000.000000000000000,0,900,900,452.121292607348380,404.445325831997760,1021342.000000000000000,11,900,9,187
,08074500,279,11952,119520000.000000000000000,0,900,900,397.448376840696140,292.702967393327470,4750303.000000000000000,11,463,7,463
,08074760,280,4223,42230000.000000000000000,0,900,900,326.293866919251740,278.036700623275580,1377939.000000000000000,11,463,3,463
,08075000,281,22203,222030000.000000000000000,0,900,900,414.528306985542490,263.753865319411090,9203772.000000000000000,11,463,6,463
,08075400,282,5040,50400000.000000000000000,0,900,900,252.820436507936510,253.544451698535600,1274215.000000000000000,11,463,9,187
,08075500,283,11172,111720000.000000000000000,0,900,900,239.219298245614030,276.182658051880080,2672558.000000000000000,11,463,7,80
,08075605,284,1294,12940000.000000000000000,0,900,900,390.251931993817610,243.943290769420910,504986.000000000000000,6,463,17,463
,08075730,285,2389,23890000.000000000000000,0,900,900,366.110087902888210,256.095761284808930,874637.000000000000000,11,463,3,463
,08075763,286,2344,23440000.000000000000000,0,900,900,467.578924914675780,244.649747374306060,1096005.000000000000000,6,463,17,463
,08075770,287,2436,24360000.000000000000000,0,900,900,471.350164203612510,335.231546520316670,1148209.000000000000000,7,900,11,463
,08075900,288,8324,83240000.000000000000000,0,900,900,273.286280634310400,276.151154207902270,2274835.000000000000000,11,463,7,187
,08076000,289,7102,71020000.000000000000000,0,900,900,312.338637003660950,375.018122265200820,2218229.000000000000000,11,900,9,80
,08076500,290,7479,74790000.000000000000000,0,900,900,294.690466639925150,260.887613533765030,2203990.000000000000000,11,187,7,187
,08076997,291,8479,84790000.000000000000000,0,900,900,67.342257341667647,191.538227643471400,570995.000000000000000,11,0,463,3
,08077000,292,361,3610000.000000000000000,0,900,900,208.105263157894740,343.485628129186690,75126.000000000000000,10,3,7,9
,08116400,293,2475,24750000.000000000000000,0,900,900,150.215353535353530,229.494154514201400,371783.000000000000000,11,3,9,17
,02300042,294,16747,167470000.000000000000000,0,900,900,69.522003941004357,192.245423608787060,1164285.000000000000000,11,3,7,3
,01393450,295,4575,45750000.000000000000000,0,900,900,440.726994535519110,228.084253446401160,2016326.000000000000000,6,463,17,463
,01393500,296,388,3880000.000000000000000,3,900,897,466.613402061855650,104.258921474292440,181046.000000000000000,6,463,3,463
,01394500,297,6649,66490000.000000000000000,0,900,900,291.477064220183480,227.903155332702970,1938031.000000000000000,10,463,7,187
,01395000,298,4362,43620000.000000000000000,0,900,900,337.682943603851470,239.131019144437490,1472973.000000000000000,10,463,6,463
,01396000,299,5262,52620000.000000000000000,0,900,900,272.583048270619540,200.827578552074470,1434332.000000000000000,7,463,11,187
,01402600,300,160,1600000.000000000000000,0,463,463,368.218750000000000,150.374975971527590,58915.000000000000000,4,463,0,463
,01403400,301,1631,16310000.000000000000000,0,900,900,105.869405272838750,179.609412016551630,172673.000000000000000,10,0,11,80
,01403500,302,1513,15130000.000000000000000,0,900,900,352.484467944481140,226.455815866991170,533309.000000000000000,11,463,3,463
,01403900,303,9293,92930000.000000000000000,0,900,900,312.947164532443760,261.809885873497710,2908218.000000000000000,11,463,11,187
,01405000,304,8443,84430000.000000000000000,0,900,900,156.396896837616960,252.168680349812690,1320459.000000000000000,11,80,9,80
,01465798,305,5471,54710000.000000000000000,0,900,900,337.393529519283500,289.081914144645000,1845880.000000000000000,11,463,9,463
,01467042,306,9828,98280000.000000000000000,0,900,900,275.582722832722820,244.717869282211070,2708427.000000000000000,11,463,6,187
,01467048,307,3126,31260000.000000000000000,0,900,900,366.202495201535500,228.000812945802270,1144749.000000000000000,6,463,11,463
,01467086,308,4184,41840000.000000000000000,0,900,900,322.566682600382420,196.544089724006850,1349619.000000000000000,11,463,7,463
,01467087,309,3521,35210000.000000000000000,0,900,900,453.984663447884150,241.424464353946970,1598480.000000000000000,6,463,17,463
,01473120,310,13806,138060000.000000000000000,0,900,900,116.160872084600900,168.541435237994700,1603717.000000000000000,11,80,7,80
,01473169,311,5420,54200000.000000000000000,0,900,900,176.197601476014770,263.794350381390980,954991.000000000000000,11,80,7,80
,01473900,312,10471,104710000.000000000000000,0,900,900,205.268933244198250,220.420649647316220,2149371.000000000000000,11,80,7,80
,01474000,313,6028,60280000.000000000000000,0,900,900,217.057730590577310,211.697377593079180,1308424.000000000000000,11,463,7,187
,01475510,314,9808,98080000.000000000000000,0,900,900,243.129078303425790,196.435224356924750,2384610.000000000000000,11,80,7,187
,01475530,315,1477,14770000.000000000000000,0,900,900,344.131347325660100,187.071242151832080,508282.000000000000000,10,463,6,463
,01475548,316,3604,36040000.000000000000000,0,900,900,376.029966703662580,213.246780622964680,1355212.000000000000000,9,463,6,463
,01475550,317,537,5370000.000000000000000,0,900,900,384.009310986964640,245.898220279034890,206213.000000000000000,5,463,187,463
,01477000,318,15732,157320000.000000000000000,0,900,900,128.308098143910510,180.510934321524760,2018543.000000000000000,11,80,7,80
,01477800,319,1897,18970000.000000000000000,0,900,900,271.564048497627820,206.468192799534930,515157.000000000000000,8,463,11,187
,01478000,320,5402,54020000.000000000000000,0,900,900,156.583302480562760,234.350862455017510,845863.000000000000000,11,80,9,80
,01581500,321,2173,21730000.000000000000000,0,900,900,154.566037735849050,177.203718194909040,335872.000000000000000,10,80,6,80
,01581752,322,656,6560000.000000000000000,0,900,900,258.310975609756100,272.287175116997620,169452.000000000000000,11,80,6,187
,01583600,323,5380,53800000.000000000000000,0,900,900,183.385315985130120,284.822451132522300,986613.000000000000000,11,80,7,80
,0158397967,324,579,5790000.000000000000000,0,900,900,272.941278065630400,237.967908329183960,158033.000000000000000,6,80,17,187
,01585090,325,699,6990000.000000000000000,0,900,900,355.821173104434930,219.380479798241170,248719.000000000000000,10,463,7,463
,01585095,326,343,3430000.000000000000000,0,900,900,326.752186588921290,173.045654804800960,112076.000000000000000,7,463,11,463
,01585100,327,948,9480000.000000000000000,0,900,900,279.507383966244730,282.048797563613850,264973.000000000000000,11,463,3,187
,01585104,328,602,6020000.000000000000000,0,900,900,97.913621262458477,151.744197611682550,58944.000000000000000,10,80,7,80
,01585200,329,608,6080000.000000000000000,0,900,900,364.434210526315780,209.939674012266490,221576.000000000000000,5,463,0,463
,01585230,330,918,9180000.000000000000000,0,900,900,422.718954248366000,133.038094247139470,388056.000000000000000,6,463,17,463
,01585300,331,1162,11620000.000000000000000,0,900,900,288.047332185886380,243.695671639533200,334711.000000000000000,10,463,7,187
,01585400,332,505,5050000.000000000000000,0,900,900,417.485148514851460,307.234222705114010,210830.000000000000000,6,463,17,463
,01589100,333,650,6500000.000000000000000,0,900,900,373.493846153846160,263.638576829908170,242771.000000000000000,8,463,9,463
,01589197,334,1069,10690000.000000000000000,0,900,900,249.616463985032740,186.981844689362110,266840.000000000000000,9,463,7,187
,01589290,335,874,8740000.000000000000000,0,900,900,342.088100686498880,165.858360267920490,298985.000000000000000,8,463,17,463
,01589300,336,6531,65310000.000000000000000,0,900,900,196.067677231664360,233.844176264945110,1280518.000000000000000,11,463,7,80
,01589305,337,922,9220000.000000000000000,0,900,900,426.549891540130150,250.817098982646480,393279.000000000000000,5,463,80,463
,01589312,338,203,2030000.000000000000000,0,900,900,378.911330049261100,193.421773038670840,76919.000000000000000,5,463,80,463
,01589317,339,125,1250000.000000000000000,0,900,900,401.512000000000000,406.114990927446570,50189.000000000000000,10,900,9,187
,01589330,340,1103,11030000.000000000000000,0,900,900,340.951042611060760,301.340702225973130,376069.000000000000000,6,463,17,187
,01589352,341,5114,51140000.000000000000000,0,900,900,357.552209620649190,246.852471050688310,1828522.000000000000000,10,463,11,463
,01589500,342,1256,12560000.000000000000000,0,900,900,196.986464968152860,296.434460122323000,247415.000000000000000,11,0,6,80
,01593500,343,9812,98120000.000000000000000,0,900,900,191.999184671830420,213.403407825203800,1883896.000000000000000,11,187,7,80
,01594400,344,3094,30940000.000000000000000,0,900,900,238.802844214608910,355.350425538652300,738856.000000000000000,11,80,7,80
,01594500,345,7902,79020000.000000000000000,0,900,900,160.386990635282220,221.907583293104810,1267378.000000000000000,11,80,6,80
,01594526,346,15478,154780000.000000000000000,0,900,900,133.421759917301980,230.924812602594390,2065102.000000000000000,11,80,9,17
,01644371,347,115,1150000.000000000000000,0,463,463,50.260869565217391,71.394322872160430,5780.000000000000000,6,17,463,17
,01644375,348,332,3320000.000000000000000,0,900,900,146.641566265060250,214.737990718428250,48685.000000000000000,10,80,7,80
,01644600,349,13910,139100000.000000000000000,0,900,900,157.673256649892150,216.948892919173570,2193235.000000000000000,11,0,7,80
,01645200,350,969,9690000.000000000000000,0,900,900,295.132094943240470,338.960855254843860,285983.000000000000000,11,0,6,187
,01645704,351,1428,14280000.000000000000000,0,900,900,224.388655462184890,276.777253340189700,320427.000000000000000,11,80,11,80
,01646000,352,13580,135800000.000000000000000,0,900,900,172.265832106038290,188.347910451863020,2339370.000000000000000,11,80,7,80
,01646305,353,540,5400000.000000000000000,0,900,900,312.687037037037040,213.203754523865480,168851.000000000000000,5,463,0,187
,01646550,354,1058,10580000.000000000000000,0,900,900,348.623818525519820,234.223142357164650,368844.000000000000000,5,463,80,463
,01647850,355,710,7100000.000000000000000,0,900,900,383.300000000000010,158.296615411398530,272143.000000000000000,6,463,17,463
,01649190,356,3399,33990000.000000000000000,0,900,900,201.758458370108850,203.335289560561080,685777.000000000000000,6,0,17,187
,01649500,357,15414,154140000.000000000000000,0,900,900,222.104515375632530,286.736232392709550,3423519.000000000000000,11,0,9,80
,01650800,358,1672,16720000.000000000000000,0,900,900,381.444976076555010,214.789861891596100,637776.000000000000000,6,463,17,463
,01651000,359,11110,111100000.000000000000000,0,900,900,235.353825382538250,214.671604875707540,2614781.000000000000000,10,463,7,187
,01651800,360,859,8590000.000000000000000,0,900,900,343.824214202561110,189.777022694159650,295345.000000000000000,8,463,9,463
,01652500,361,3469,34690000.000000000000000,0,900,900,416.541654655520350,178.085458277640950,1444983.000000000000000,7,463,11,463
,01653500,362,4485,44850000.000000000000000,0,900,900,292.334225195094750,256.009714488040570,1311119.000000000000000,10,463,6,187
,01654000,363,6039,60390000.000000000000000,0,900,900,319.897499586024200,242.298211932979000,1931861.000000000000000,9,463,7,187
,01656903,364,1086,10860000.000000000000000,0,900,900,229.124309392265190,200.999473667416140,248829.000000000000000,11,463,3,187
,01657000,365,37164,371640000.000000000000000,0,900,900,103.675976751695190,224.184715292236090,3853014.000000000000000,11,0,7,7
,01673500,366,1515,15150000.000000000000000,0,900,900,106.638283828382840,201.541376861312930,161557.000000000000000,11,80,0,80
,02038000,367,8800,88000000.000000000000000,0,900,900,149.832045454545470,173.890990462409920,1318522.000000000000000,11,80,7,80
,0208675010,368,1562,15620000.000000000000000,0,900,900,267.003201024327780,286.699469440048740,417059.000000000000000,11,80,3,187
,02086849,369,4157,41570000.000000000000000,0,900,900,267.965600192446460,275.909775130762800,1113933.000000000000000,11,463,7,187
,0208732885,370,1790,17900000.000000000000000,0,900,900,382.477094972067050,308.319717757462340,684634.000000000000000,9,463,3,463
,0208735012,371,314,3140000.000000000000000,0,900,900,344.378980891719720,368.403890366507940,108135.000000000000000,6,0,3,187
,02093877,372,1379,13790000.000000000000000,0,900,900,153.422044960116040,308.540443847097890,211569.000000000000000,11,7,463,7
,0209399200,373,4114,41140000.000000000000000,0,900,900,215.197131745260090,275.979510314279200,885321.000000000000000,11,80,7,80
,02094659,374,1927,19270000.000000000000000,0,900,900,385.762324857291110,306.345859695138020,743364.000000000000000,10,463,9,463
,02094770,375,2133,21330000.000000000000000,0,900,900,376.694796061884690,283.031622525441660,803490.000000000000000,7,463,11,463
,02094775,376,979,9790000.000000000000000,0,900,900,325.015321756894760,279.571664146128740,318190.000000000000000,11,463,3,187
,02095000,377,3847,38470000.000000000000000,0,900,900,313.415128671692230,315.615783191051950,1205708.000000000000000,11,463,7,187
,02095181,378,2485,24850000.000000000000000,0,900,900,342.248289738430570,256.389146982148930,850487.000000000000000,7,463,11,463
,02095271,379,1285,12850000.000000000000000,0,900,900,450.684824902723730,305.426938991217980,579130.000000000000000,7,463,17,463
,02095500,380,5839,58390000.000000000000000,0,900,900,262.995375920534340,264.505252784643010,1535630.000000000000000,11,80,7,187
,0209722970,381,1211,12110000.000000000000000,0,900,900,252.146985962014870,291.197107538678100,305350.000000000000000,11,0,6,187
,02097280,382,3841,38410000.000000000000000,0,900,900,258.051809424629030,233.086000762824710,991177.000000000000000,11,187,7,187
,0209741955,383,5487,54870000.000000000000000,0,900,900,142.238746127209770,267.256512739555660,780464.000000000000000,11,0,7,11
,02099000,384,3765,37650000.000000000000000,0,900,900,282.856042496679950,404.097709501934730,1064953.000000000000000,11,900,463,11
,02115860,385,47328,473280000.000000000000000,0,900,900,166.628275016903300,219.253323164347880,7886183.000000000000000,11,80,6,80
,0212414900,386,9286,92860000.000000000000000,0,900,900,123.486861942709450,230.909133151301400,1146699.000000000000000,11,80,7,80
,02142654,387,2625,26250000.000000000000000,0,900,900,83.527238095238090,195.207859231397800,219259.000000000000000,11,80,463,11
,0214265808,388,1877,18770000.000000000000000,0,900,900,102.225892381459770,190.461456592470850,191878.000000000000000,11,80,7,80
,0214266000,389,2294,22940000.000000000000000,0,900,900,31.227550130775938,90.745352096556687,71636.000000000000000,11,3,463,9
,02142900,390,4265,42650000.000000000000000,0,900,900,137.419929660023460,270.611869288397260,586096.000000000000000,11,80,7,17
,02142914,391,1422,14220000.000000000000000,0,900,900,140.904360056258780,218.218391802969480,200366.000000000000000,10,80,7,80
,0214291555,392,2648,26480000.000000000000000,0,900,900,73.862160120845928,119.890532094775180,195587.000000000000000,11,80,3,80
,0214295600,393,2721,27210000.000000000000000,0,900,900,206.536199926497600,249.533038855481070,561985.000000000000000,11,80,6,80
,021459367,394,4368,43680000.000000000000000,0,900,900,130.426739926739910,165.316905235886850,569704.000000000000000,11,80,7,80
,02146110,395,1514,15140000.000000000000000,0,900,900,242.421400264200800,278.539628066318930,367026.000000000000000,11,0,6,187
,02146211,396,1490,14900000.000000000000000,0,900,900,261.827516778523490,301.137056214238160,390123.000000000000000,10,80,9,80
,02146300,397,6320,63200000.000000000000000,0,900,900,369.309651898734160,322.060765310539580,2334037.000000000000000,11,463,3,187
,02146315,398,1359,13590000.000000000000000,0,900,900,384.708609271523190,346.071830695501150,522819.000000000000000,9,900,7,187
,02146381,399,7524,75240000.000000000000000,0,900,900,273.723418394471030,369.636457217372420,2059495.000000000000000,11,0,9,80
,02146409,400,3150,31500000.000000000000000,0,900,900,489.844761904761920,317.794448435918010,1543011.000000000000000,10,900,3,463
,0214642825,401,1331,13310000.000000000000000,0,900,900,321.282494365138970,185.418104874944730,427627.000000000000000,10,463,6,463
,0214645022,402,3523,35230000.000000000000000,0,900,900,335.706500141924490,200.804962914714570,1182694.000000000000000,7,463,11,463
,02146470,403,699,6990000.000000000000000,0,900,900,425.532188841201730,191.566556025159510,297447.000000000000000,5,463,0,463
,02146500,404,1916,19160000.000000000000000,0,900,900,318.556889352818360,217.253929143090370,610355.000000000000000,6,463,17,187
,02146507,405,501,5010000.000000000000000,0,900,900,302.065868263473080,210.912714899036930,151335.000000000000000,9,463,7,187
,02146530,406,1640,16400000.000000000000000,0,900,900,370.901829268292660,250.359357814790460,608279.000000000000000,6,463,17,463
,0214655255,407,1897,18970000.000000000000000,0,900,900,249.212967843964150,179.081637749126460,472757.000000000000000,8,187,9,187
,02146562,408,1525,15250000.000000000000000,0,900,900,326.779016393442650,185.103318120881820,498338.000000000000000,7,463,11,463
,02146600,409,6621,66210000.000000000000000,0,900,900,213.792780546745210,229.437868150234920,1415522.000000000000000,11,80,6,187
,02146700,410,1828,18280000.000000000000000,0,900,900,266.416849015317270,181.068767176904570,487010.000000000000000,6,187,17,187
,02146750,411,11981,119810000.000000000000000,0,900,900,167.985477005258330,179.611506462517580,2012634.000000000000000,11,80,7,80
,0214676115,412,698,6980000.000000000000000,0,900,900,122.134670487106020,194.469027082032770,85250.000000000000000,11,80,6,80
,0214678175,413,1829,18290000.000000000000000,0,900,900,226.793876435210510,333.156162467644210,414806.000000000000000,11,80,7,80
,02146800,414,12216,122160000.000000000000000,0,900,900,84.716273739358215,195.525765650298070,1034894.000000000000000,11,80,463,17
,0214685800,415,5441,54410000.000000000000000,0,900,900,43.215769160080868,85.204568785934669,235137.000000000000000,11,80,463,11
,021473428,416,7686,76860000.000000000000000,0,900,900,99.354410616705692,177.657761794917690,763638.000000000000000,11,80,900,80
,02160326,417,21923,219230000.000000000000000,0,900,900,131.319846736304330,199.520960677570290,2878925.000000000000000,11,80,7,80
,02162093,418,1446,14460000.000000000000000,0,900,900,411.044260027662520,318.221511321724730,594370.000000000000000,6,463,17,463
,02164000,419,12519,125190000.000000000000000,0,900,900,235.610512021726980,249.998133527119620,2949608.000000000000000,11,80,7,187
,02164110,420,15847,158470000.000000000000000,0,900,900,169.456553290843690,264.708055232100150,2685378.000000000000000,11,80,9,80
,02197020,421,4559,45590000.000000000000000,0,900,900,93.927615705198505,266.240560391588870,428216.000000000000000,11,0,7,0
,02197338,422,81,810000.000000000000000,0,900,900,322.222222222222230,431.477507532168890,26100.000000000000000,2,0,900,0
,02197339,423,46,460000.000000000000000,0,900,900,58.695652173913047,222.218152661749830,2700.000000000000000,2,0,900,0
,02203603,424,606,6060000.000000000000000,0,900,900,471.851485148514830,293.903748847991490,285942.000000000000000,5,463,0,463
,02203655,425,5359,53590000.000000000000000,0,900,900,351.832618025751060,298.097076972527650,1885471.000000000000000,11,463,3,187
,02203700,426,2757,27570000.000000000000000,0,900,900,374.072542618788530,296.895934703282190,1031318.000000000000000,11,463,7,463
,02204070,427,39058,390580000.000000000000000,0,900,900,217.917763326335200,231.372353258151320,8511432.000000000000000,11,80,9,187
,02205000,428,334,3340000.000000000000000,17,463,446,90.185628742514965,47.879854970852122,30122.000000000000000,4,80,463,80
,02205522,429,1936,19360000.000000000000000,0,900,900,261.115702479338840,259.989031557663280,505520.000000000000000,11,187,3,187
,02206500,430,32889,328890000.000000000000000,0,900,900,211.493295630758010,247.241677766219770,6955803.000000000000000,11,80,7,80
,02207120,431,6930,69300000.000000000000000,0,900,900,171.692496392496390,159.749509778377100,1189829.000000000000000,11,80,6,80
,02207385,432,4462,44620000.000000000000000,0,900,900,92.181757059614526,130.838785903449240,411315.000000000000000,11,80,900,80
,02208050,433,2569,25690000.000000000000000,0,900,900,150.055274425846620,296.857881568554600,385492.000000000000000,10,80,7,17
,02208130,434,1391,13910000.000000000000000,0,900,900,209.186196980589500,271.761509993872320,290978.000000000000000,11,80,7,80
,02208150,435,3981,39810000.000000000000000,0,900,900,42.630997236875160,126.831125406984600,169714.000000000000000,11,80,463,9
,02211375,436,1140,11400000.000000000000000,0,900,900,186.794736842105270,225.146170782256920,212946.000000000000000,9,80,9,80
,02217274,437,438,4380000.000000000000000,0,80,80,18.840182648401825,23.781386988355564,8252.000000000000000,8,9,0,9
,02218565,438,1483,14830000.000000000000000,0,900,900,49.318273769386380,81.227857192427507,73139.000000000000000,11,80,463,17
,02334480,439,2445,24450000.000000000000000,0,900,900,71.423721881390591,141.299277773950540,174631.000000000000000,11,80,7,17
,02334578,440,1309,13090000.000000000000000,0,900,900,75.190985485103127,95.281891507357287,98425.000000000000000,11,80,900,80
,02334620,441,1784,17840000.000000000000000,0,900,900,39.099215246636774,155.909154585896890,69753.000000000000000,9,3,900,6
,02334885,442,12119,121190000.000000000000000,0,900,900,108.127568281211320,228.453940585067160,1310398.000000000000000,11,80,463,17
,02335350,443,2295,22950000.000000000000000,0,900,900,348.694553376906300,324.117485142544180,800254.000000000000000,11,187,3,187
,02335700,444,19072,190720000.000000000000000,0,900,900,84.942481124161077,188.116123046070380,1620023.000000000000000,11,80,463,17
,02335757,445,7703,77030000.000000000000000,0,900,900,213.046605218745950,252.580896374069030,1641098.000000000000000,11,80,7,80
,023358685,446,3308,33080000.000000000000000,0,900,900,205.963119709794430,137.085551603608910,681326.000000000000000,7,187,9,187
,02335870,447,4665,46650000.000000000000000,0,900,900,276.069239013933550,244.725198659010350,1287863.000000000000000,10,187,7,187
,02335910,448,4810,48100000.000000000000000,0,900,900,414.963201663201690,331.364603910683970,1995973.000000000000000,11,463,7,463
,02336030,449,357,3570000.000000000000000,0,900,900,631.389355742296970,299.476671835277440,225406.000000000000000,5,900,80,900
,02336120,450,8742,87420000.000000000000000,0,900,900,369.752573781743310,263.799959095510760,3232377.000000000000000,11,463,7,463
,02336240,451,7137,71370000.000000000000000,0,900,900,346.536640044836760,241.133695800054310,2473232.000000000000000,11,463,7,463
,02336300,452,5891,58910000.000000000000000,0,900,900,432.952300118825350,274.210101377067700,2550522.000000000000000,11,463,3,463
,02336360,453,6798,67980000.000000000000000,0,900,900,321.639599882318350,275.831228437436040,2186506.000000000000000,11,187,7,187
,02336410,454,2839,28390000.000000000000000,0,900,900,184.006340260655150,178.336001530855070,522394.000000000000000,11,80,3,80
,02336526,455,3508,35080000.000000000000000,0,900,900,385.362599771949820,280.311515693546540,1351852.000000000000000,11,463,3,463
,02336635,456,8066,80660000.000000000000000,0,900,900,214.525043392015870,197.456634277473200,1730359.000000000000000,11,187,3,187
,02336728,457,8992,89920000.000000000000000,0,900,900,243.787588967971540,236.093405966003640,2192138.000000000000000,11,80,7,187
,02336968,458,11435,114350000.000000000000000,0,900,900,112.298731963270650,138.507675500021260,1284136.000000000000000,11,80,3,80
,02344350,459,33003,330030000.000000000000000,0,900,900,231.784383237887450,288.953908172428950,7649580.000000000000000,11,80,7,80
,02344478,460,3330,33300000.000000000000000,0,900,900,96.486486486486484,203.823040403598470,321300.000000000000000,11,0,7,11
,02346310,461,2504,25040000.000000000000000,0,900,900,154.251996805111820,229.849815522426040,386247.000000000000000,11,80,3,80
,02378170,462,1376,13760000.000000000000000,0,900,900,106.986191860465110,221.987014367298910,147213.000000000000000,11,80,463,11
,02392950,463,6552,65520000.000000000000000,0,900,900,233.073260073260090,320.688867345074300,1527096.000000000000000,11,80,7,80
,02392975,464,2396,23960000.000000000000000,0,900,900,190.045492487479120,161.375889814966310,455349.000000000000000,11,187,6,187
,02465292,465,2642,26420000.000000000000000,0,900,900,278.612036336108990,250.582347735601790,736093.000000000000000,10,187,6,187
,02485700,466,4506,45060000.000000000000000,0,900,900,133.941633377718600,241.912305629718190,603541.000000000000000,11,3,9,6
,03238140,467,1062,10620000.000000000000000,0,900,900,332.946327683615830,188.329698331697160,353589.000000000000000,5,463,900,463
,03260015,468,1639,16390000.000000000000000,0,900,900,215.747406955460630,213.123027637520920,353610.000000000000000,9,463,7,187
,03260050,469,3070,30700000.000000000000000,0,900,900,304.250814332247560,303.124323229286690,934050.000000000000000,11,463,3,187
,03260100,470,976,9760000.000000000000000,0,900,900,293.165983606557400,391.550604823906440,286130.000000000000000,10,900,3,80
,03277075,471,9559,95590000.000000000000000,0,900,900,166.688984203368560,278.373021519225800,1593380.000000000000000,11,80,7,80
,03284520,472,408,4080000.000000000000000,0,900,900,44.678921568627452,137.900352438848240,18229.000000000000000,11,3,0,7
,03287580,473,558,5580000.000000000000000,0,900,900,32.094982078853043,95.674552576235030,17909.000000000000000,11,3,463,6
,03287600,474,5004,50040000.000000000000000,0,900,900,118.792366107114300,239.741728900948570,594437.000000000000000,11,3,9,7
,03288200,475,5217,52170000.000000000000000,0,900,900,175.476519072263760,268.844602394124930,915461.000000000000000,11,3,9,11
,03288500,476,607,6070000.000000000000000,0,900,900,137.751235584843500,226.843868667813210,83615.000000000000000,11,80,9,80
,03289000,477,5590,55900000.000000000000000,0,900,900,114.416636851520580,201.835506915945270,639589.000000000000000,11,3,7,11
,03289193,478,2557,25570000.000000000000000,0,900,900,366.485725459522880,242.672337537545420,937104.000000000000000,11,463,11,463
,03289200,479,5300,53000000.000000000000000,0,900,900,238.499811320754730,323.623804719455790,1264049.000000000000000,11,3,11,9
,03289300,480,12714,127140000.000000000000000,0,900,900,18.823580305175398,85.187603208069063,239323.000000000000000,11,3,463,6
,03292474,481,1721,17210000.000000000000000,0,900,900,175.072051133062160,213.314804297581960,301299.000000000000000,11,80,7,80
,03292475,482,1035,10350000.000000000000000,0,900,900,201.997101449275360,189.787776191193100,209067.000000000000000,8,80,3,187
,03292480,483,1490,14900000.000000000000000,0,900,900,199.919463087248320,242.362145602790520,297880.000000000000000,11,80,7,80
,03292500,484,4525,45250000.000000000000000,0,900,900,353.065856353591190,244.352148915280220,1597623.000000000000000,10,463,7,463
,03292550,485,1369,13690000.000000000000000,0,900,900,330.599707815924030,198.574420108223190,452591.000000000000000,7,463,11,463
,03293000,486,4883,48830000.000000000000000,0,900,900,313.332992013106720,250.485362373248390,1530005.000000000000000,11,463,7,187
,03293500,487,1684,16840000.000000000000000,0,900,900,271.769596199524930,223.092618149410240,457660.000000000000000,8,463,7,187
,03293510,488,3157,31570000.000000000000000,0,900,900,332.261640798226150,245.039264877827090,1048950.000000000000000,11,463,6,463
,03294550,489,7857,78570000.000000000000000,0,900,900,402.738195239913470,264.334845093511490,3164314.000000000000000,11,463,3,463
,03294570,490,3701,37010000.000000000000000,0,900,900,248.852202107538520,243.717315216701140,921002.000000000000000,11,80,7,187
,03298135,491,1419,14190000.000000000000000,0,900,900,404.859055673009150,357.227957781009710,574495.000000000000000,11,900,6,463
,03298150,492,1594,15940000.000000000000000,0,900,900,104.252823086574650,164.045922496611240,166179.000000000000000,11,80,6,80
,03298250,493,2926,29260000.000000000000000,0,900,900,115.178742310321250,156.838011435655520,337013.000000000000000,11,80,900,80
,03301900,494,883,8830000.000000000000000,0,900,900,256.706681766704430,175.793638126176550,226672.000000000000000,8,463,11,187
,03302000,495,15802,158020000.000000000000000,0,900,900,291.739463359068450,306.888081049108850,4610067.000000000000000,11,80,7,187
,03302030,496,4773,47730000.000000000000000,0,900,900,117.954745443117530,178.149652263235620,562998.000000000000000,11,80,3,80
,03431060,497,24227,242270000.000000000000000,0,900,900,127.845626780038800,199.319773663745650,3097316.000000000000000,11,80,900,80
,03431300,498,3092,30920000.000000000000000,0,900,900,325.523285899094450,301.566153059691030,1006518.000000000000000,10,80,3,187
,03431700,499,6396,63960000.000000000000000,0,900,900,193.019699812382730,181.644943442100130,1234554.000000000000000,10,80,6,80
,05588720,500,2199,21990000.000000000000000,0,900,900,106.062755798090040,142.422523619197530,233232.000000000000000,11,80,900,80
,06935850,501,1444,14440000.000000000000000,0,900,900,138.457063711911360,308.348577278027560,199932.000000000000000,10,0,187,6
,06935890,502,4289,42890000.000000000000000,0,900,900,136.207274422942420,308.377380338391280,584193.000000000000000,11,0,463,3
,06935955,503,3035,30350000.000000000000000,0,900,900,330.657990115321240,398.151889999649710,1003547.000000000000000,11,900,7,80
,06935980,504,974,9740000.000000000000000,0,900,900,377.363449691991780,420.792084986491030,367552.000000000000000,11,900,3,80
,06935997,505,554,5540000.000000000000000,0,900,900,101.274368231046940,270.220615497343830,56106.000000000000000,11,3,463,3
,06936475,506,10595,105950000.000000000000000,0,900,900,297.144879660217100,385.924124637630710,3148250.000000000000000,11,900,7,80
,07001910,507,300,3000000.000000000000000,0,900,900,160.310000000000000,292.104149063309310,48093.000000000000000,8,0,9,9
,07001985,508,1068,10680000.000000000000000,0,900,900,220.593632958801490,341.107221213440710,235594.000000000000000,11,0,3,80
,07005000,509,6132,61320000.000000000000000,0,900,900,221.420091324200910,323.673947322911770,1357748.000000000000000,11,0,7,80
,07010030,510,514,5140000.000000000000000,0,900,900,146.628404669260700,302.960881582177650,75367.000000000000000,11,0,9,3
,07010035,511,373,3730000.000000000000000,0,900,900,163.292225201072400,328.263606014109140,60908.000000000000000,11,3,7,3
,07010055,512,3164,31640000.000000000000000,0,900,900,111.494627054361570,270.749254748948890,352769.000000000000000,11,0,463,3
,07010061,513,1649,16490000.000000000000000,0,900,900,88.093996361431167,203.506082339470850,145267.000000000000000,11,80,463,17
,07010070,514,491,4910000.000000000000000,0,900,900,119.647657841140530,223.276946404997120,58747.000000000000000,11,0,7,17
,07010075,515,288,2880000.000000000000000,0,900,900,91.479166666666671,220.427282943768600,26346.000000000000000,11,0,7,9
,07010082,516,1485,14850000.000000000000000,0,900,900,247.451851851851840,366.058924997936230,367466.000000000000000,11,0,463,80
,07010086,517,2340,23400000.000000000000000,0,900,900,239.594444444444430,359.455590333670100,560651.000000000000000,11,0,7,80
,07010090,518,948,9480000.000000000000000,0,900,900,221.459915611814350,347.824143022291030,209944.000000000000000,11,0,3,17
,07010094,519,154,1540000.000000000000000,0,900,900,174.155844155844160,344.634572699275280,26820.000000000000000,10,0,6,3
,07010097,520,9863,98630000.000000000000000,0,900,900,396.284700395417190,419.103523989562060,3908556.000000000000000,11,900,9,187
,07010180,521,4726,47260000.000000000000000,0,900,900,229.186415573423600,363.846573990972500,1083135.000000000000000,11,0,9,11
,07010208,522,685,6850000.000000000000000,0,900,900,283.207299270073010,403.262556994482170,193997.000000000000000,11,0,463,17
,07019120,523,2489,24890000.000000000000000,0,900,900,184.773402973081550,302.313733546908910,459901.000000000000000,11,80,7,80
,07019317,524,2067,20670000.000000000000000,0,900,900,253.052249637155280,397.190476934078900,523059.000000000000000,11,0,463,3
,07031692,525,7881,78810000.000000000000000,0,900,900,214.060398426595610,274.683439917196670,1687010.000000000000000,11,80,6,80
,07032200,526,17613,176130000.000000000000000,0,900,900,71.144892976778522,191.649119520419360,1253075.000000000000000,11,3,463,6
,08076180,527,7312,73120000.000000000000000,0,900,900,155.701176148796490,287.900799987061480,1138487.000000000000000,11,80,7,17
,0209553650,528,4599,45990000.000000000000000,0,900,900,83.065449010654490,179.455805196339700,382018.000000000000000,11,80,6,17
,10168000,529,11677,116770000.000000000000000,0,900,900,104.036995803716710,193.953706906742470,1214840.000000000000000,8,0,11,0
,11161300,530,950,9500000.000000000000000,0,900,900,143.347368421052640,197.151171942593210,136180.000000000000000,8,17,9,80
,11162800,531,462,4620000.000000000000000,0,900,900,151.673160173160170,192.607498781804960,70073.000000000000000,7,80,11,80
,12081000,532,6412,64120000.000000000000000,0,900,900,207.461322520274480,261.252338504932540,1330242.000000000000000,11,80,7,80
,12090400,533,1460,14600000.000000000000000,0,900,900,172.230136986301370,195.610047984718760,251456.000000000000000,8,80,9,80
,12090500,534,14961,149610000.000000000000000,0,900,900,145.279526769600950,213.548093217993770,2173527.000000000000000,11,80,7,80
,12091100,535,3480,34800000.000000000000000,0,900,900,438.235344827586230,290.147067471372850,1525059.000000000000000,11,463,3,463
,12091200,536,1223,12230000.000000000000000,0,900,900,409.175797219950940,252.275562200145770,500422.000000000000000,6,463,17,463
,12091290,537,503,5030000.000000000000000,0,900,900,306.190854870775350,198.689452074514460,154014.000000000000000,10,463,11,463
,12091300,538,31,310000.000000000000000,0,463,463,310.774193548387070,177.017897705911680,9634.000000000000000,4,463,80,463
,12091500,539,4202,42020000.000000000000000,0,900,900,365.980485483103280,272.299601390844770,1537850.000000000000000,10,463,6,463
,12102190,540,556,5560000.000000000000000,0,900,900,138.397482014388490,167.397746929619640,76949.000000000000000,7,80,11,80
,12113347,541,732,7320000.000000000000000,0,900,900,281.527322404371600,206.629338864827530,206078.000000000000000,6,463,17,187
,12113349,542,1367,13670000.000000000000000,0,900,900,438.402340892465250,307.412243218366370,599296.000000000000000,7,463,11,463
,12120000,543,3758,37580000.000000000000000,0,900,900,381.961681745609380,280.073611589952750,1435412.000000000000000,7,463,11,463
,12120500,544,1678,16780000.000000000000000,0,900,900,417.872467222884380,209.216505825626030,701190.000000000000000,8,463,9,463
,12124000,545,3398,33980000.000000000000000,0,900,900,98.300470865214834,127.624398591056420,334025.000000000000000,11,80,900,80
,12125200,546,37169,371690000.000000000000000,0,900,900,111.769942694180630,188.277143764754980,4154377.000000000000000,11,0,7,80
,12126000,547,6385,63850000.000000000000000,0,900,900,260.082067345340650,231.294548587335750,1660624.000000000000000,11,187,3,187
,12127100,548,5890,58900000.000000000000000,0,900,900,301.345161290322610,238.202105370424190,1774923.000000000000000,11,187,3,187
,12128000,549,3126,31260000.000000000000000,0,900,900,435.475367882277680,183.202908533795240,1361296.000000000000000,6,463,17,463
,12157000,550,4791,47910000.000000000000000,0,900,900,118.292214568983510,229.067889218295650,566738.000000000000000,11,17,7,17
,14142800,551,2896,28960000.000000000000000,0,900,900,174.351864640883970,218.006407391274140,504923.000000000000000,11,17,3,80
,14206900,552,625,6250000.000000000000000,0,900,900,373.609600000000000,143.514195771150160,233506.000000000000000,5,463,900,463
,14206950,553,7458,74580000.000000000000000,0,900,900,367.043577366586190,249.871009049662210,2737411.000000000000000,11,463,7,463
,14211315,554,1705,17050000.000000000000000,0,900,900,242.300293255131980,197.824911848115310,413122.000000000000000,7,463,11,187
,14211499,555,1223,12230000.000000000000000,0,900,900,63.274734260016352,125.933796444433940,77385.000000000000000,11,80,463,17
,14211500,556,5629,56290000.000000000000000,0,900,900,121.597797122046540,173.831501479160150,684474.000000000000000,11,80,7,80
,14211550,557,6856,68560000.000000000000000,0,900,900,371.545507584597430,216.982244231619550,2547316.000000000000000,11,463,7,463
,06710150,558,2911,29110000.000000000000000,0,900,900,50.554105118515977,152.579538958680960,147163.000000000000000,11,0,463,3
,07103990,559,5154,51540000.000000000000000,0,900,900,136.224291812184700,209.187342681432230,702100.000000000000000,11,3,7,17
,07104500,560,2295,22950000.000000000000000,0,900,900,321.764705882352930,234.421952526252740,738450.000000000000000,6,463,17,463
,07105600,561,13465,134650000.000000000000000,0,900,900,114.018269587820270,227.496460516192570,1535256.000000000000000,11,0,7,3
,08053009,562,3543,35430000.000000000000000,0,900,900,175.646627152130970,338.360369501545280,622316.000000000000000,11,0,7,0
,08056500,563,1640,16400000.000000000000000,0,900,900,368.400609756097540,215.694182502639280,604177.000000000000000,7,463,11,463
,08057200,564,17290,172900000.000000000000000,0,900,900,338.508270676691720,306.746123601507580,5852808.000000000000000,11,463,7,187
,08057445,565,2336,23360000.000000000000000,0,900,900,346.883133561643830,272.159697886882950,810319.000000000000000,11,463,7,463
,08061540,566,31084,310840000.000000000000000,0,900,900,239.577724874533520,309.385472482910760,7447034.000000000000000,11,0,7,80
,08061700,567,8218,82180000.000000000000000,0,900,900,469.824044779751770,283.597299485704350,3861014.000000000000000,8,463,6,463
,08083420,568,3231,32310000.000000000000000,0,900,900,247.720829464562060,268.584119666636580,800386.000000000000000,11,463,11,187
,08155541,569,467,4670000.000000000000000,0,900,900,429.616702355460400,198.849950368906380,200631.000000000000000,5,463,80,463
,08156675,570,1450,14500000.000000000000000,0,900,900,443.934482758620670,285.941820433822440,643705.000000000000000,11,463,9,463
,08156800,571,1854,18540000.000000000000000,0,900,900,402.769687162891050,220.560635385291280,746735.000000000000000,9,463,17,463
,08156910,572,284,2840000.000000000000000,0,900,900,533.964788732394370,266.316763419947850,151646.000000000000000,6,463,17,463
,08157000,573,310,3100000.000000000000000,0,900,900,406.535483870967770,187.272762169441820,126026.000000000000000,5,463,80,463
,08157500,574,473,4730000.000000000000000,0,900,900,414.980972515856250,284.094387840444430,196286.000000000000000,11,463,3,463
,08158030,575,432,4320000.000000000000000,0,900,900,446.145833333333310,264.586119025142810,192735.000000000000000,6,463,17,463
,08158035,576,464,4640000.000000000000000,0,900,900,370.355603448275870,241.072452647534820,171845.000000000000000,6,463,17,463
,08158045,577,385,3850000.000000000000000,0,900,900,463.431168831168800,199.416906016333880,178421.000000000000000,5,463,80,463
,08158200,578,6862,68620000.000000000000000,0,900,900,285.017779073156530,300.856900614680970,1955792.000000000000000,11,463,7,187
,08158380,579,1352,13520000.000000000000000,0,900,900,497.173816568047360,233.145642562302330,672179.000000000000000,8,463,6,463
,08158600,580,5250,52500000.000000000000000,0,900,900,234.706285714285710,299.893880625597770,1232208.000000000000000,11,0,17,80
,08158970,581,7130,71300000.000000000000000,0,900,900,266.972230014025230,256.594325807649170,1903512.000000000000000,11,463,6,187
,08177700,582,5673,56730000.000000000000000,0,900,900,266.364181209236730,243.534975432802010,1511084.000000000000000,11,463,7,187
,08181480,583,54188,541880000.000000000000000,0,900,900,111.327932383553560,218.547750871447280,6032638.000000000000000,11,0,9,9
,08329840,584,1112,11120000.000000000000000,0,900,900,402.027877697841750,153.964410467029210,447055.000000000000000,5,463,80,463
,09483000,585,2000,20000000.000000000000000,0,900,900,370.378499999999970,272.025317273503110,740757.000000000000000,7,463,17,463
,10311300,586,7530,75300000.000000000000000,0,900,900,102.871181938911020,217.109385789603810,774620.000000000000000,11,0,7,3
,11023330,587,8134,81340000.000000000000000,0,900,900,140.301327760019660,231.191402359419930,1141211.000000000000000,11,80,9,17
,11023340,588,2848,28480000.000000000000000,0,900,900,202.392556179775280,263.158449942330780,576414.000000000000000,11,0,7,80
,11045300,589,1839,18390000.000000000000000,0,900,900,117.228384991843400,227.843394312556280,215583.000000000000000,5,0,80,0
,11047000,590,9222,92220000.000000000000000,0,900,900,84.687811754500103,223.077381974324960,780991.000000000000000,11,0,9,0
,11047500,591,2305,23050000.000000000000000,0,900,900,210.220824295010860,247.171775481239560,484559.000000000000000,11,0,7,80
,11060400,592,3083,30830000.000000000000000,0,900,900,483.486863444696720,285.404360712726770,1490590.000000000000000,7,463,11,463
,11101500,593,29998,299980000.000000000000000,0,900,900,295.548269884658960,276.493868366231880,8865857.000000000000000,10,463,7,463
,11102000,594,1649,16490000.000000000000000,0,900,900,451.996967859308650,254.792676614341450,745343.000000000000000,6,463,17,463
,11102300,595,1040,10400000.000000000000000,0,900,900,281.732692307692330,293.921600759031430,293002.000000000000000,5,463,187,187
,11102500,596,1817,18170000.000000000000000,0,900,900,561.872317006053890,298.500000117580670,1020922.000000000000000,5,463,80,463
,11120000,597,4951,49510000.000000000000000,0,900,900,109.324782872147040,183.797308373569310,541267.000000000000000,11,0,9,7
,11153650,598,22127,221270000.000000000000000,0,900,900,97.348714240520636,201.599393404396120,2154035.000000000000000,11,80,7,11
,11162720,599,2857,28570000.000000000000000,0,900,900,333.010850542527120,285.865989408440560,951412.000000000000000,11,463,9,463
,11166000,600,1654,16540000.000000000000000,0,900,900,118.151753325272070,210.852652193589820,195423.000000000000000,10,80,9,80
,11181040,601,12159,121590000.000000000000000,0,900,900,109.114812073361290,195.413539690982590,1326727.000000000000000,11,3,7,3
,11183000,602,13303,133030000.000000000000000,0,900,900,131.254378711568820,186.744291996523200,1746077.000000000000000,11,0,7,80
,11183600,603,8499,84990000.000000000000000,0,900,900,196.686669019884700,215.437613179143230,1671640.000000000000000,10,187,7,80
,11335655,604,4508,45080000.000000000000000,0,900,900,118.933673469387760,189.978853472481460,536153.000000000000000,11,80,7,80
,11336580,605,10621,106210000.000000000000000,0,900,900,177.724602203182370,310.342406891561550,1887613.000000000000000,11,3,6,3
,11447360,606,8164,81640000.000000000000000,0,900,900,394.624938755512010,182.212286736743150,3221718.000000000000000,9,463,9,463
,11465660,607,1440,14400000.000000000000000,0,900,900,90.797916666666666,190.443897020425400,130749.000000000000000,11,0,6,7
,11465680,608,9332,93320000.000000000000000,0,900,900,142.394663523360490,241.876595713669250,1328827.000000000000000,11,80,9,17
,11465690,609,872,8720000.000000000000000,0,900,900,223.665137614678910,297.628929390780460,195036.000000000000000,9,0,7,80
,11465700,610,930,9300000.000000000000000,0,900,900,108.101075268817200,153.192087231167560,100534.000000000000000,7,80,11,80
,11465750,611,8395,83950000.000000000000000,0,900,900,108.477188802858850,168.875274725279160,910666.000000000000000,11,80,3,80
,11466065,612,2699,26990000.000000000000000,0,900,900,130.597628751389410,182.834581692372070,352483.000000000000000,11,11,3,17
,11466320,613,17236,172360000.000000000000000,0,900,900,132.274889765606870,214.901618400926310,2279890.000000000000000,11,0,6,17
,11466800,614,24377,243770000.000000000000000,0,900,900,54.315789473684212,142.488083869860080,1324056.000000000000000,11,3,900,7
,11447293,615,20276,202760000.000000000000000,0,900,900,140.961728151509160,211.861683577027690,2858140.000000000000000,11,80,6,80