Rowid_,GAGE_ID,ZONE_CODE,COUNT,AREA,MIN,MAX,RANGE,MEAN,STD,SUM,VARIETY,MAJORITY,MINORITY,MEDIAN
,06914990,1,2045,20450000.000000000000000,0,900,900,77.076283618581911,250.972658579383250,157621.000000000000000,8,0,9,0
,03255500,2,20211,202110000.000000000000000,0,900,900,174.824946811142440,339.881509697715100,3533387.000000000000000,11,0,463,6
,03271000,3,18038,180380000.000000000000000,0,900,900,29.876316664818717,109.064387079472060,538909.000000000000000,11,3,463,3
,03271300,4,5182,51820000.000000000000000,0,900,900,63.602084137398691,218.723021712912500,329586.000000000000000,9,3,80,3
,03337000,5,1104,11040000.000000000000000,0,900,900,362.085144927536250,337.143483190151070,399742.000000000000000,10,80,6,187
,03337100,6,119,1190000.000000000000000,0,900,900,582.882352941176460,405.131043774428410,69363.000000000000000,6,900,187,900
,03351072,7,4218,42180000.000000000000000,0,900,900,19.318871503082029,116.333059691150880,81487.000000000000000,9,3,80,3
,03351310,8,4622,46220000.000000000000000,0,900,900,81.995023799221116,233.321915298815810,378981.000000000000000,11,0,463,3
,03353120,9,2129,21290000.000000000000000,0,900,900,258.827618600281820,379.047468579289500,551044.000000000000000,11,900,463,17
,03353160,10,773,7730000.000000000000000,0,900,900,305.905562742561470,225.186718862324480,236465.000000000000000,10,463,3,187
,03353180,11,877,8770000.000000000000000,0,900,900,160.857468643101470,269.570703062017690,141072.000000000000000,11,80,463,80
,03353600,12,6370,63700000.000000000000000,0,900,900,162.278806907378340,333.186635682817610,1033716.000000000000000,10,0,187,3
,03353620,13,3885,38850000.000000000000000,0,900,900,160.603861003861000,313.430892562263350,623946.000000000000000,11,3,463,11
,03353637,14,4446,44460000.000000000000000,0,900,900,55.261358524516417,177.784939036527760,245692.000000000000000,11,3,463,6
,04087030,15,8788,87880000.000000000000000,0,900,900,41.598429676832041,163.777034153324880,365567.000000000000000,11,3,463,3
,04087070,16,5179,51790000.000000000000000,0,900,900,87.522494690094618,245.430969342442270,453279.000000000000000,10,3,187,3
,04087088,17,4689,46890000.000000000000000,0,900,900,132.631264661974830,285.826779817244130,621908.000000000000000,11,0,463,9
,04087119,18,2769,27690000.000000000000000,0,900,900,188.901769591910440,252.902935944817560,523069.000000000000000,11,80,3,80
,04087120,19,11154,111540000.000000000000000,0,900,900,158.396449704142010,316.587180963453190,1766754.000000000000000,11,0,187,6
,04087142,20,3907,39070000.000000000000000,0,900,900,465.584591758382370,271.863646957612500,1819039.000000000000000,10,463,3,463
,04087159,21,4809,48090000.000000000000000,0,900,900,296.444791016843400,345.048014895139660,1425603.000000000000000,11,80,7,80
,04087170,22,185317,1853170000.000000000000000,0,900,900,38.502576665929190,147.098293212691570,7135182.000000000000000,11,3,187,3
,04087204,23,6621,66210000.000000000000000,0,900,900,138.978704123244230,302.205079846525340,920178.000000000000000,11,3,463,6
,04087214,24,3842,38420000.000000000000000,0,900,900,80.285268089536700,223.181853789807800,308456.000000000000000,11,0,463,9
,04087220,25,8852,88520000.000000000000000,0,900,900,58.825124265702669,192.685743303523760,520720.000000000000000,11,3,463,6
,04087240,26,36282,362820000.000000000000000,0,900,900,25.864505815555923,132.035227093836990,938416.000000000000000,11,3,463,3
,04087257,27,9825,98250000.000000000000000,0,900,900,72.679491094147579,230.252506975923640,714076.000000000000000,11,3,463,3
,04093000,28,32120,321200000.000000000000000,0,900,900,53.360273972602741,190.602763236395930,1713932.000000000000000,11,3,463,3
,04094500,29,19214,192140000.000000000000000,0,900,900,39.586759654418650,159.834559594295540,760620.000000000000000,11,3,463,3
,04101370,30,9191,91910000.000000000000000,0,900,900,56.896638015449895,202.191210990964380,522937.000000000000000,10,3,187,3
,04106180,31,3644,36440000.000000000000000,0,900,900,32.850713501646545,153.162586596989740,119708.000000000000000,11,3,463,3
,04106300,32,1416,14160000.000000000000000,0,900,900,108.993644067796610,278.127773829621960,154335.000000000000000,10,0,187,6
,04106500,33,8070,80700000.000000000000000,0,900,900,46.190706319702599,162.788692183219300,372759.000000000000000,11,3,463,3
,04160800,34,5474,54740000.000000000000000,0,900,900,46.255023748629888,186.721669148013830,253200.000000000000000,10,3,187,3
,04161100,35,4558,45580000.000000000000000,0,900,900,210.740675734971490,370.727579249767810,960556.000000000000000,11,0,463,3
,04162900,36,6446,64460000.000000000000000,0,900,900,190.554762643499860,351.171894782153400,1228316.000000000000000,11,0,463,9
,04163400,37,4257,42570000.000000000000000,0,900,900,65.971341320178524,199.812945474385860,280840.000000000000000,10,3,187,7
,04165500,38,168627,1686270000.000000000000000,0,900,900,65.685341018935290,207.436801298816420,11076322.000000000000000,11,3,463,3
,04166000,39,8419,84190000.000000000000000,0,900,900,68.968879914479160,205.075442286313600,580649.000000000000000,11,3,463,7
,04166100,40,14006,140060000.000000000000000,0,900,900,45.529415964586605,165.177482419113720,637685.000000000000000,11,0,463,6
,04166300,41,4573,45730000.000000000000000,0,900,900,96.172097091624750,273.103696480257500,439795.000000000000000,11,0,463,0
,04166500,42,20600,206000000.000000000000000,0,900,900,132.568252427184460,271.092169870151680,2730906.000000000000000,11,80,463,17
,04167000,43,22977,229770000.000000000000000,0,900,900,120.064455760107930,285.674714874128990,2758721.000000000000000,11,0,463,3
,04168000,44,21783,217830000.000000000000000,0,900,900,104.804388743515590,270.288145266879840,2282954.000000000000000,11,3,463,3
,04174518,45,2633,26330000.000000000000000,0,900,900,182.807064185339930,327.259371965936170,481331.000000000000000,11,0,6,11
,05288705,46,7284,72840000.000000000000000,0,900,900,257.785420098846770,405.156061011367460,1877709.000000000000000,10,0,187,0
,05289800,47,41389,413890000.000000000000000,0,900,900,76.134842591026597,228.022391516639630,3151145.000000000000000,11,0,7,0
,05345000,48,33430,334300000.000000000000000,0,900,900,78.634101106790311,251.559384579920790,2628738.000000000000000,11,0,463,0
,05422600,49,14838,148380000.000000000000000,0,900,900,87.616996899851728,255.798862889152820,1300061.000000000000000,11,0,9,0
,05427948,50,4708,47080000.000000000000000,0,900,900,65.532922684791842,223.722427802831560,308529.000000000000000,11,3,463,3
,054310157,51,1114,11140000.000000000000000,0,900,900,96.069120287253142,242.766638243991310,107021.000000000000000,11,3,7,3
,05435935,52,2770,27700000.000000000000000,0,900,900,21.684115523465703,122.133235823872940,60065.000000000000000,9,0,900,3
,05435943,53,2448,24480000.000000000000000,0,900,900,59.069852941176471,212.568167704433590,144603.000000000000000,10,0,187,0
,05454090,54,2257,22570000.000000000000000,0,900,900,51.206911829862648,195.360582935046210,115574.000000000000000,11,0,463,3
,05484800,55,20185,201850000.000000000000000,0,900,900,76.014614812979929,242.900347836055800,1534355.000000000000000,11,0,463,3
,05527905,56,1398,13980000.000000000000000,0,900,900,16.622317596566525,78.066516261149715,23238.000000000000000,10,0,187,3
,05527950,57,14216,142160000.000000000000000,0,900,900,28.487056837366350,139.285913912594420,404972.000000000000000,11,3,463,3
,05529000,58,78666,786660000.000000000000000,0,900,900,67.803523758675922,225.659065960300350,5333832.000000000000000,11,3,463,3
,05529500,59,2201,22010000.000000000000000,0,900,900,89.534756928668784,250.078983971129110,197066.000000000000000,9,0,7,6
,05530000,60,3305,33050000.000000000000000,0,900,900,93.042057488653555,204.734007097825720,307504.000000000000000,11,80,463,17
,05530990,61,7090,70900000.000000000000000,0,900,900,122.719746121297600,290.853747469171820,870083.000000000000000,11,0,463,6
,05531000,62,504,5040000.000000000000000,0,900,900,261.438492063492050,394.961370657956650,131765.000000000000000,10,0,187,11
,05532000,63,4708,47080000.000000000000000,0,900,900,336.965378079864080,387.670184449260090,1586433.000000000000000,11,900,7,80
,05532500,64,51900,519000000.000000000000000,0,900,900,269.625394990366090,373.453566921027860,13993558.000000000000000,11,0,7,80
,05533000,65,4259,42590000.000000000000000,0,900,900,128.116224465837060,246.450782379467910,545647.000000000000000,11,80,7,17
,05533400,66,3343,33430000.000000000000000,0,900,900,126.829793598564170,307.571200083358290,423992.000000000000000,10,0,187,0
,05534500,67,5164,51640000.000000000000000,0,900,900,110.126839659178930,281.850149824073530,568695.000000000000000,11,0,463,3
,05535000,68,3007,30070000.000000000000000,0,900,900,154.396740937811780,321.859066919747760,464271.000000000000000,10,0,187,6
,05535070,69,2158,21580000.000000000000000,0,900,900,108.517145505097320,242.981718082540230,234180.000000000000000,11,0,463,11
,05535500,70,2992,29920000.000000000000000,0,900,900,182.536764705882350,345.459394382426640,546150.000000000000000,11,3,463,7
,05536000,71,12154,121540000.000000000000000,0,900,900,141.024107289781140,280.828322371674010,1714007.000000000000000,11,0,7,17
,05536105,72,3511,35110000.000000000000000,0,900,900,326.609797778410720,297.878070276456070,1146727.000000000000000,11,463,7,187
,05536118,73,16774,167740000.000000000000000,0,900,900,411.439847382854400,266.423895011232670,6901492.000000000000000,11,463,7,463
,05536215,74,6517,65170000.000000000000000,0,900,900,151.373791621911920,297.270710493680100,986503.000000000000000,11,0,7,3
,05536235,75,5934,59340000.000000000000000,0,900,900,48.985170205594876,175.764255729111310,290678.000000000000000,11,3,463,3
,05536255,76,6032,60320000.000000000000000,0,900,900,89.579575596816980,254.070268286956550,540344.000000000000000,11,0,463,0
,05536270,77,4583,45830000.000000000000000,0,900,900,71.514728343879554,224.597543307857900,327752.000000000000000,11,0,463,0
,05536275,78,3778,37780000.000000000000000,0,900,900,90.379301217575431,248.536606030481290,341453.000000000000000,11,0,463,0
,05536290,79,29002,290020000.000000000000000,0,900,900,82.907040893731462,217.935073848677180,2404470.000000000000000,11,3,463,3
,05536340,80,3307,33070000.000000000000000,0,900,900,91.857272452373749,251.394860847747740,303772.000000000000000,11,0,463,3
,05536500,81,2908,29080000.000000000000000,0,900,900,49.902682255845946,197.863366445070030,145117.000000000000000,9,0,80,0
,05536995,82,85001,850010000.000000000000000,0,900,900,321.166845095940060,346.051458774400940,27299503.000000000000000,11,0,7,187
,05537500,83,5456,54560000.000000000000000,0,900,900,21.694464809384165,125.150787112251960,118365.000000000000000,9,3,80,3
,05537980,84,25380,253800000.000000000000000,0,900,900,150.612293144208020,313.969441637702570,3822540.000000000000000,11,0,463,3
,05539000,85,27804,278040000.000000000000000,0,900,900,80.999316645087035,240.280190813476480,2252105.000000000000000,11,0,463,3
,05539900,86,7177,71770000.000000000000000,0,900,900,91.239097115786535,257.604661423126060,654823.000000000000000,11,0,463,0
,05540060,87,4871,48710000.000000000000000,0,900,900,192.774994867583670,358.442840982157240,939007.000000000000000,11,0,7,0
,05540091,88,2061,20610000.000000000000000,0,900,900,51.989810771470161,166.872813974238600,107151.000000000000000,11,0,463,3
,05540095,89,9598,95980000.000000000000000,0,900,900,152.432069181079380,318.561330086001360,1463043.000000000000000,11,0,463,6
,05540130,90,8255,82550000.000000000000000,0,900,900,140.367292549969700,309.149775302902470,1158732.000000000000000,11,0,463,3
,05540160,91,6563,65630000.000000000000000,0,900,900,156.378180710041140,294.035139078948420,1026310.000000000000000,11,0,7,9
,05540195,92,2618,26180000.000000000000000,0,900,900,171.404507257448440,263.672068582362440,448737.000000000000000,11,80,7,80
,05540250,93,9464,94640000.000000000000000,0,900,900,101.863905325443780,266.641077781990820,964040.000000000000000,11,0,463,0
,05540275,94,2468,24680000.000000000000000,0,900,900,124.733387358184770,308.318627791882020,307842.000000000000000,9,0,80,3
,05540500,95,29725,297250000.000000000000000,0,900,900,84.595996635828428,256.242472383957480,2514616.000000000000000,11,0,463,0
,05550500,96,9247,92470000.000000000000000,0,900,900,68.028982372661403,229.448989973741590,629064.000000000000000,10,0,187,0
,05551200,97,13395,133950000.000000000000000,0,900,900,23.312877939529674,130.764008084293470,312276.000000000000000,10,3,187,3
,05551330,98,7256,72560000.000000000000000,0,900,900,57.353224917309809,211.984512473765250,416155.000000000000000,11,0,463,3
,05551675,99,14745,147450000.000000000000000,0,900,900,26.740250932519498,140.198742129695430,394285.000000000000000,10,0,187,3
,05551700,100,3492,34920000.000000000000000,0,900,900,8.348224513172967,70.171559034311315,29152.000000000000000,10,0,187,0
,05579725,101,6463,64630000.000000000000000,0,900,900,57.517097323224512,215.339769044045170,371733.000000000000000,11,0,463,0
,05580950,102,8829,88290000.000000000000000,0,900,900,189.939744025370940,328.524128241048860,1676978.000000000000000,11,0,7,7
,06892513,103,15073,150730000.000000000000000,0,900,900,119.213826046573350,302.975579336731190,1796910.000000000000000,11,0,463,0
,06893300,104,6881,68810000.000000000000000,0,900,900,236.271181514314780,395.376430408924140,1625782.000000000000000,9,0,9,0
,06893390,105,9874,98740000.000000000000000,0,900,900,138.988150698804930,324.308482245271650,1372369.000000000000000,10,0,187,0
,06893400,106,89,890000.000000000000000,0,900,900,385.213483146067400,444.366168270715660,34284.000000000000000,6,0,3,6
,06893500,107,30884,308840000.000000000000000,0,900,900,35.022147390234423,170.427699982213400,1081624.000000000000000,11,0,463,0
,06893557,108,3396,33960000.000000000000000,0,900,900,109.495583038869260,273.220938209165870,371847.000000000000000,11,0,463,3
,06893560,109,674,6740000.000000000000000,0,900,900,508.915430267062330,424.265411897120430,343009.000000000000000,10,900,3,900
,06893562,110,620,6200000.000000000000000,0,900,900,233.246774193548390,299.471726393242360,144613.000000000000000,11,0,7,80
,06893578,111,13609,136090000.000000000000000,0,900,900,182.147035050334320,338.204338382742430,2478839.000000000000000,11,0,7,3
,06893620,112,2438,24380000.000000000000000,0,900,900,131.029532403609520,292.613099001053570,319450.000000000000000,11,0,463,3
,06893970,113,2173,21730000.000000000000000,0,900,900,99.942936033133918,256.059885464998100,217176.000000000000000,11,0,463,3
,07164600,114,3020,30200000.000000000000000,0,900,900,89.922516556291384,242.800764444552360,271566.000000000000000,11,0,463,7
,07165562,115,4652,46520000.000000000000000,0,900,900,111.296861564918320,287.470232125282790,517753.000000000000000,11,0,463,0
,07165565,116,1424,14240000.000000000000000,0,900,900,69.512640449438209,236.774435417308780,98986.000000000000000,9,0,80,0
,07177800,117,2165,21650000.000000000000000,0,900,900,246.313163972286360,299.507749863934920,533268.000000000000000,11,80,7,80
,04168580,118,2750,27500000.000000000000000,0,900,900,203.416727272727290,342.077132413434410,559396.000000000000000,10,80,7,17
,01451500,119,21227,212270000.000000000000000,0,900,900,50.279596740000940,171.589772318615390,1067285.000000000000000,11,3,463,6
,01451650,120,4174,41740000.000000000000000,0,900,900,119.179683756588400,258.044095935823520,497456.000000000000000,11,0,463,9
,01537500,121,4456,44560000.000000000000000,0,900,900,107.873204667863560,255.834629353503740,480683.000000000000000,11,0,9,3
,01569800,122,5970,59700000.000000000000000,0,900,900,92.085762144053604,237.909987514380110,549752.000000000000000,11,3,7,3
,01616000,123,4471,44710000.000000000000000,0,900,900,93.939387161708794,236.815117370568520,420003.000000000000000,11,3,7,3
,02423397,124,4391,43910000.000000000000000,0,900,900,49.687314962423137,181.942133747704500,218177.000000000000000,10,3,187,3
,02423630,125,18633,186330000.000000000000000,0,900,900,77.946439113400956,227.867006021308810,1452376.000000000000000,11,3,463,3
,02457000,126,5722,57220000.000000000000000,0,900,900,46.078119538622857,178.436039372377850,263659.000000000000000,10,3,187,3
,02457595,127,7850,78500000.000000000000000,0,900,900,78.399872611464971,229.829121180626150,615439.000000000000000,11,3,463,3
,02458300,128,6552,65520000.000000000000000,0,900,900,246.835622710622720,346.551160219116010,1617267.000000000000000,11,80,7,80
,02458450,129,1915,19150000.000000000000000,0,900,900,348.592167101827670,397.763171651091280,667554.000000000000000,11,900,463,80
,02458600,130,4925,49250000.000000000000000,0,900,900,92.466192893401015,226.147247131151970,455396.000000000000000,11,0,463,9
,02461500,131,13656,136560000.000000000000000,0,900,900,212.582015231400110,325.024734778522090,2903020.000000000000000,11,80,9,80
,02462000,132,24767,247670000.000000000000000,0,900,900,21.451810877377156,114.700729940462010,531297.000000000000000,11,3,463,3
,03049658,133,4492,44920000.000000000000000,0,900,900,43.760685663401603,120.593953183070520,196573.000000000000000,11,80,463,11
,03049676,134,2210,22100000.000000000000000,0,900,900,45.403619909502261,162.049249498152110,100342.000000000000000,11,6,463,9
,03049807,135,15395,153950000.000000000000000,0,900,900,39.958168236440400,137.918711922751580,615156.000000000000000,11,3,463,7
,03084000,136,1135,11350000.000000000000000,0,900,900,40.213215859030839,164.997339190298820,45642.000000000000000,9,3,7,6
,03084698,137,30305,303050000.000000000000000,0,900,900,63.355551889127206,184.268554146207920,1919990.000000000000000,11,3,463,7
,03084800,138,4003,40030000.000000000000000,0,900,900,97.328753434923811,219.587891761962960,389607.000000000000000,11,80,463,17
,03085049,139,1587,15870000.000000000000000,0,900,900,315.522999369880270,252.307031219603600,500735.000000000000000,7,463,7,463
,03085213,140,4667,46670000.000000000000000,0,900,900,219.623741161345610,221.789571320991970,1024984.000000000000000,11,80,6,80
,03085956,141,6713,67130000.000000000000000,0,900,900,148.131535826009240,323.664072959623350,994407.000000000000000,10,0,187,3
,03491544,142,1247,12470000.000000000000000,0,900,900,78.614274258219723,211.698616677251610,98032.000000000000000,11,3,463,3
,03535400,143,22498,224980000.000000000000000,0,900,900,30.373366521468576,148.296457948274790,683340.000000000000000,10,3,187,3
,03538250,144,5045,50450000.000000000000000,0,900,900,92.051337958374631,267.921160431258730,464399.000000000000000,9,0,9,0
,06918493,145,3978,39780000.000000000000000,0,900,900,126.249371543489190,310.314278415437970,502220.000000000000000,9,0,80,0
,07019072,146,1007,10070000.000000000000000,0,900,900,139.583912611717980,324.389731303195840,140561.000000000000000,9,0,11,0
,07019150,147,1320,13200000.000000000000000,0,900,900,110.772727272727270,293.158729652299200,146220.000000000000000,9,0,17,0
,07019175,148,1322,13220000.000000000000000,0,900,900,93.743570347957643,264.639054374277750,123929.000000000000000,10,0,187,3
,07019185,149,3003,30030000.000000000000000,0,900,900,117.357975357975360,299.845183816424650,352426.000000000000000,10,0,187,0
,07019195,150,653,6530000.000000000000000,0,900,900,240.341500765696790,397.584488493389530,156943.000000000000000,8,0,9,0
,07019220,151,1115,11150000.000000000000000,0,900,900,187.034977578475350,363.514444338786520,208544.000000000000000,9,0,17,0
,07048480,152,223,2230000.000000000000000,0,900,900,263.493273542600890,391.687448266653860,58759.000000000000000,10,900,187,17
,07048490,153,343,3430000.000000000000000,0,900,900,234.390670553935850,300.178361216625770,80396.000000000000000,10,80,9,80
,07052000,154,5031,50310000.000000000000000,0,900,900,363.402902007553170,422.551824264847940,1828280.000000000000000,11,900,463,80
,07052100,155,4112,41120000.000000000000000,0,900,900,165.649562256809330,339.794340130083300,681151.000000000000000,11,0,463,3
,07052120,156,2733,27330000.000000000000000,0,900,900,278.690084156604480,414.291210280819370,761660.000000000000000,9,0,80,3
,07052152,157,1205,12050000.000000000000000,0,900,900,83.175933609958506,258.951253366302520,100227.000000000000000,9,0,80,0
,07195000,158,33596,335960000.000000000000000,0,900,900,35.226157875937609,161.128615014931200,1183458.000000000000000,11,3,463,3
,07263580,159,4987,49870000.000000000000000,0,900,900,72.115901343493078,236.716110024946520,359642.000000000000000,10,0,463,0
,010965852,160,12334,123340000.000000000000000,0,900,900,42.082455002432297,160.913300413548000,519045.000000000000000,11,3,463,6
,01097300,161,3090,30900000.000000000000000,0,900,900,54.516828478964399,198.366056661034860,168457.000000000000000,10,3,187,3
,01097380,162,9144,91440000.000000000000000,0,900,900,42.031496062992126,142.924347424566430,384336.000000000000000,11,0,463,6
,01100600,163,9655,96550000.000000000000000,0,900,900,146.397928534438110,295.430606063986030,1413472.000000000000000,11,0,463,11
,01100627,164,9735,97350000.000000000000000,0,900,900,107.169594247560350,245.852716044862040,1043296.000000000000000,11,80,463,11
,01102500,165,5953,59530000.000000000000000,0,900,900,244.609608600705510,319.884370574133070,1456161.000000000000000,11,80,7,80
,01103025,166,2161,21610000.000000000000000,0,900,900,373.364183248496090,264.673104224538630,806840.000000000000000,7,463,9,463
,01103280,167,16950,169500000.000000000000000,0,900,900,77.168023598820056,211.409269013228000,1307998.000000000000000,11,3,463,6
,01103500,168,30423,304230000.000000000000000,0,900,900,47.249416559839595,140.109997291402240,1437469.000000000000000,11,0,463,9
,01104200,169,7515,75150000.000000000000000,0,900,900,167.320691949434460,265.371276620906030,1257415.000000000000000,11,0,9,80
,01105600,170,1269,12690000.000000000000000,0,900,900,151.795114263199370,279.395825609074790,192628.000000000000000,11,80,6,80
,01105638,171,3812,38120000.000000000000000,0,900,900,67.407660020986356,188.170283902778640,256958.000000000000000,11,0,463,7
,01105730,172,7942,79420000.000000000000000,0,900,900,72.953160412994208,171.914442366814630,579394.000000000000000,11,80,463,17
,01105933,173,6829,68290000.000000000000000,0,900,900,80.658808024600972,229.444820413726010,550819.000000000000000,11,0,463,3
,01106500,174,10473,104730000.000000000000000,0,900,900,150.107419077628180,249.329833378250240,1572075.000000000000000,11,80,7,80
,01108320,175,5807,58070000.000000000000000,0,900,900,25.091613569829516,108.001080476629100,145707.000000000000000,11,3,463,6
,01108410,176,6667,66670000.000000000000000,0,900,900,51.176391180440980,158.705621232788160,341193.000000000000000,11,0,187,3
,01108500,177,5182,51820000.000000000000000,0,900,900,52.234851408722498,178.578224870458770,270681.000000000000000,11,0,463,3
,01109000,178,6110,61100000.000000000000000,0,900,900,64.298199672667764,204.104091844638080,392862.000000000000000,11,3,463,6
,01109060,179,10504,105040000.000000000000000,0,900,900,75.453160700685459,205.769846473512100,792560.000000000000000,11,3,463,7
,01110000,180,6612,66120000.000000000000000,0,900,900,125.479582577132490,234.463318082514860,829671.000000000000000,11,80,7,17
,01114000,181,6040,60400000.000000000000000,0,900,900,202.681622516556300,301.127529792099780,1224197.000000000000000,11,0,7,17
,01116905,182,4084,40840000.000000000000000,0,900,900,62.724045053868757,218.165622821495450,256165.000000000000000,9,3,80,3
,01117000,183,1890,18900000.000000000000000,0,900,900,100.538624338624350,257.703335940226620,190018.000000000000000,11,0,463,9
,01189000,184,11648,116480000.000000000000000,0,900,900,55.696256868131869,145.955419534471100,648750.000000000000000,11,3,900,6
,01195490,185,4776,47760000.000000000000000,0,900,900,79.797110552763826,205.549600521949860,381111.000000000000000,11,80,463,9
,01196500,186,23813,238130000.000000000000000,0,900,900,76.096333935245454,204.159044229684440,1812082.000000000000000,11,3,463,6
,01201487,187,15546,155460000.000000000000000,0,900,900,85.161520648398309,212.174505547135910,1323921.000000000000000,11,0,463,9
,01300000,188,2427,24270000.000000000000000,0,900,900,111.838071693448700,250.133565772511820,271431.000000000000000,11,0,187,11
,01300500,189,1170,11700000.000000000000000,0,900,900,140.661538461538470,194.925534695343630,164574.000000000000000,11,80,7,80
,01301000,190,5781,57810000.000000000000000,0,900,900,144.678775298391290,249.070272071924590,836388.000000000000000,11,80,3,80
,01356190,191,4078,40780000.000000000000000,0,900,900,69.422020598332523,170.224848204329190,283103.000000000000000,11,80,463,11
,01376500,192,6246,62460000.000000000000000,0,900,900,167.923471021453740,274.462759774847710,1048850.000000000000000,11,80,7,80
,01377370,193,3542,35420000.000000000000000,0,900,900,86.105590062111801,175.584699197076470,304986.000000000000000,11,80,463,17
,01391000,194,4243,42430000.000000000000000,0,900,900,70.563752062220132,138.390141031888930,299402.000000000000000,11,80,463,17
,01391500,195,10430,104300000.000000000000000,0,900,900,88.426749760306805,189.352964871277690,922291.000000000000000,11,80,463,17
,03098500,196,17451,174510000.000000000000000,0,900,900,41.878688900349552,145.431190900409940,730825.000000000000000,11,3,463,6
,03098700,197,3267,32670000.000000000000000,0,900,900,42.008876645240285,131.903068850808720,137243.000000000000000,11,3,463,7
,03115973,198,903,9030000.000000000000000,0,900,900,102.560354374307860,274.097788041783020,92612.000000000000000,10,0,187,3
,03118500,199,45392,453920000.000000000000000,0,900,900,90.434636059217482,230.953509646275790,4105009.000000000000000,11,3,463,6
,03130500,200,1215,12150000.000000000000000,0,900,900,136.117695473251020,293.980596444811620,165383.000000000000000,11,3,463,9
,04206043,201,6700,67000000.000000000000000,0,900,900,72.107014925373136,213.084571631098440,483117.000000000000000,11,3,463,6
,04207200,202,22240,222400000.000000000000000,0,900,900,80.096852517985610,239.224966118826730,1781354.000000000000000,11,3,463,3
,04208460,203,4681,46810000.000000000000000,0,900,900,214.430890835291590,283.467126133930440,1003751.000000000000000,11,80,7,80
,04216200,204,3958,39580000.000000000000000,0,900,900,172.971702880242560,299.655030239326780,684622.000000000000000,11,80,463,80
,04240100,205,2598,25980000.000000000000000,0,900,900,39.941878367975363,104.917927203437120,103769.000000000000000,11,3,900,9
,04240120,206,7583,75830000.000000000000000,0,900,900,261.537650006593710,356.995966925424110,1983240.000000000000000,11,900,9,80
,04282813,207,1778,17780000.000000000000000,0,900,900,121.349831271091120,281.530163701244990,215760.000000000000000,11,3,463,7
,04292770,208,339,3390000.000000000000000,0,900,900,107.277286135693220,221.470973581071410,36367.000000000000000,11,3,7,3
,01302500,209,3051,30510000.000000000000000,0,900,900,93.675188462799085,192.206499074269000,285803.000000000000000,11,17,900,17
,01303500,210,1908,19080000.000000000000000,0,900,900,24.753668763102727,105.059836759616990,47230.000000000000000,10,0,187,6
,01304000,211,5792,57920000.000000000000000,0,900,900,84.869647790055254,234.708896262627210,491565.000000000000000,11,0,463,7
,01305000,212,19014,190140000.000000000000000,0,900,900,29.449405701062375,131.075106885779660,559951.000000000000000,11,0,463,3
,01305500,213,2132,21320000.000000000000000,0,900,900,72.059568480300186,216.409947121943160,153631.000000000000000,10,3,187,7
,01306000,214,3627,36270000.000000000000000,0,900,900,103.400055141990620,252.223260364005170,375032.000000000000000,11,0,463,11
,01306440,215,4136,41360000.000000000000000,0,900,900,80.463974854932303,192.211346691516840,332799.000000000000000,11,80,463,17
,01306460,216,1391,13910000.000000000000000,0,900,900,131.885693745506840,288.932275260994290,183453.000000000000000,11,0,463,9
,01306500,217,1654,16540000.000000000000000,0,900,900,133.803506650544140,305.305483762995320,221311.000000000000000,10,0,187,0
,01307000,218,1403,14030000.000000000000000,0,900,900,178.470420527441210,310.245757691675810,250394.000000000000000,11,80,7,80
,01307500,219,1118,11180000.000000000000000,0,900,900,175.819320214669060,305.803284693043960,196566.000000000000000,11,80,463,80
,01308000,220,5830,58300000.000000000000000,0,900,900,106.983704974271010,268.262980420605630,623715.000000000000000,11,0,463,6
,01308500,221,9401,94010000.000000000000000,0,900,900,66.309541538134241,197.512387462563990,623376.000000000000000,11,3,463,7
,01309000,222,993,9930000.000000000000000,0,900,900,173.664652567975820,324.233885671483390,172449.000000000000000,10,0,6,17
,01309500,223,9426,94260000.000000000000000,0,900,900,163.791534054742210,312.013268282933210,1543899.000000000000000,11,0,463,11
,01309950,224,3785,37850000.000000000000000,0,900,900,120.126023778071330,259.537780832452310,454677.000000000000000,11,0,463,17
,01310000,225,210,2100000.000000000000000,0,900,900,162.352380952380940,315.121306376491020,34094.000000000000000,8,0,7,17
,01310500,226,7790,77900000.000000000000000,0,900,900,149.407958921694470,293.747243071551170,1163888.000000000000000,11,0,463,11
,01311000,227,2634,26340000.000000000000000,0,900,900,209.249430523917990,280.382825616311380,551163.000000000000000,11,80,7,80
,01311500,228,1812,18120000.000000000000000,0,900,900,204.126931567328910,206.852931094788350,369878.000000000000000,9,187,7,187
,01311810,229,3359,33590000.000000000000000,0,900,900,318.906222089907710,261.963031339567350,1071206.000000000000000,11,463,9,187
,01405500,230,24584,245840000.000000000000000,0,900,900,29.359095346566871,134.469994049973420,721764.000000000000000,11,3,463,3
,01406050,231,4053,40530000.000000000000000,0,900,900,23.624969158647914,129.627218892862690,95752.000000000000000,10,3,187,3
,01407290,232,1695,16950000.000000000000000,0,900,900,31.572271386430678,150.452824654318870,53515.000000000000000,9,3,900,3
,01407760,233,1635,16350000.000000000000000,0,900,900,37.463608562691128,142.406702297151470,61253.000000000000000,10,0,187,6
,01408120,234,9158,91580000.000000000000000,0,900,900,23.751692509281501,123.125174601879000,217518.000000000000000,10,3,187,3
,01467081,235,2326,23260000.000000000000000,0,900,900,172.011607910576090,341.615201835236970,400099.000000000000000,10,0,187,3
,01467150,236,4699,46990000.000000000000000,0,900,900,104.748244307299430,239.175616129061580,492212.000000000000000,11,80,463,11
,01475000,237,1563,15630000.000000000000000,0,900,900,18.323096609085091,90.101712043954535,28639.000000000000000,11,0,463,3
,02233200,238,6861,68610000.000000000000000,0,900,900,23.632415099839672,131.259197636310180,162142.000000000000000,10,0,187,0
,02233475,239,12039,120390000.000000000000000,0,900,900,42.771243458759031,186.188148781763430,514923.000000000000000,10,0,187,0
,02234308,240,5918,59180000.000000000000000,0,900,900,119.482257519432240,262.567980748869330,707096.000000000000000,11,0,463,7
,02234324,241,2608,26080000.000000000000000,0,900,900,43.871932515337420,182.108708628194310,114418.000000000000000,10,0,187,0
,02234344,242,6229,62290000.000000000000000,0,900,900,46.151388665917480,192.926340459853610,287477.000000000000000,9,0,80,0
,02234384,243,4642,46420000.000000000000000,0,900,900,74.384747953468334,245.205024977167280,345294.000000000000000,10,0,187,0
,02234400,244,4270,42700000.000000000000000,0,900,900,55.993911007025758,208.579016326947770,239094.000000000000000,9,0,80,0
,02234990,245,10778,107780000.000000000000000,0,900,900,110.803117461495650,285.644398540296780,1194236.000000000000000,11,0,463,0
,02235000,246,33857,338570000.000000000000000,0,900,900,21.878607082730309,132.672419104818970,740744.000000000000000,10,0,187,0
,02240954,247,9468,94680000.000000000000000,0,900,900,29.976235741444867,141.345916491019640,283815.000000000000000,11,0,463,0
,02246459,248,5610,56100000.000000000000000,0,900,900,116.703743315508020,293.359503862558880,654708.000000000000000,10,0,187,3
,02246828,249,6382,63820000.000000000000000,0,900,900,85.435756816045128,261.512175949608260,545251.000000000000000,9,0,17,0
,02262900,250,21007,210070000.000000000000000,0,900,900,131.910410815442480,304.345151306185930,2771042.000000000000000,11,0,463,0
,02263800,251,27085,270850000.000000000000000,0,900,900,116.457448772383240,297.098414635528510,3154250.000000000000000,11,0,463,0
,02264000,252,6923,69230000.000000000000000,0,900,900,11.728441427126969,93.949019362555120,81196.000000000000000,9,0,7,0
,02264100,253,4216,42160000.000000000000000,0,900,900,115.291034155597730,300.758481365300840,486067.000000000000000,5,0,6,0
,02293055,254,19079,190790000.000000000000000,0,900,900,12.116567954295299,102.522662435435390,231172.000000000000000,8,0,17,0
,02293190,255,1290,12900000.000000000000000,0,900,900,92.327131782945742,250.657049672830990,119102.000000000000000,10,0,187,3
,02299861,256,1403,14030000.000000000000000,0,900,900,116.359230220955100,287.718318914836120,163252.000000000000000,9,3,9,6
,02301738,257,761,7610000.000000000000000,0,900,900,101.657030223390280,281.283302563044230,77361.000000000000000,9,0,80,3
,02301750,258,3593,35930000.000000000000000,0,900,900,148.646534929028660,332.097536926523280,534087.000000000000000,9,0,80,0
,02303205,259,5731,57310000.000000000000000,0,900,900,69.260512999476532,222.330740019099810,396932.000000000000000,11,3,463,3
,02303300,260,9427,94270000.000000000000000,0,900,900,19.763657579293518,124.030707328294840,186312.000000000000000,11,0,463,0
,02303350,261,4222,42220000.000000000000000,0,900,900,37.952865940312648,180.329532571515930,160237.000000000000000,8,0,6,0
,02306500,262,1362,13620000.000000000000000,0,900,900,99.167400881057276,277.938287227664660,135066.000000000000000,10,0,187,0
,02306647,263,2835,28350000.000000000000000,0,900,900,174.166843033509710,349.656541020461080,493763.000000000000000,10,0,187,0
,02306950,264,4197,41970000.000000000000000,0,900,900,21.603764593757447,130.194850455709310,90671.000000000000000,9,0,80,0
,02307000,265,6514,65140000.000000000000000,0,900,900,32.114369051274181,163.462961149147330,209193.000000000000000,10,0,187,0
,02307668,266,767,7670000.000000000000000,0,900,900,238.161668839634930,384.969542731099410,182670.000000000000000,10,0,7,9
,02307671,267,442,4420000.000000000000000,0,900,900,133.085972850678730,315.652648363075970,58824.000000000000000,9,0,80,0
,02307697,268,955,9550000.000000000000000,0,900,900,60.909947643979059,219.976977033062700,58169.000000000000000,10,0,80,0
,02308935,269,675,6750000.000000000000000,0,900,900,211.762962962962970,326.705707585586310,142940.000000000000000,11,80,9,80
,02309415,270,116,1160000.000000000000000,0,900,900,220.465517241379300,383.317538103640570,25574.000000000000000,8,3,11,3
,02309421,271,686,6860000.000000000000000,0,900,900,137.106413994169090,317.223466570676690,94055.000000000000000,10,0,187,3
,02309848,272,2355,23550000.000000000000000,0,900,900,54.099363057324844,211.863051898341210,127404.000000000000000,8,0,7,0
,02310525,273,8484,84840000.000000000000000,0,900,900,30.679042904290430,161.790992346188720,260281.000000000000000,8,0,17,0
,08068325,274,10547,105470000.000000000000000,0,900,900,33.068455484972027,163.781470890883070,348773.000000000000000,9,0,80,3
,08069000,275,72679,726790000.000000000000000,0,900,900,22.686016593513944,137.256832477914170,1648797.000000000000000,10,0,187,0
,08072760,276,4910,49100000.000000000000000,0,900,900,24.761303462321791,146.101801859700860,121578.000000000000000,8,0,9,0
,08074020,277,10435,104350000.000000000000000,0,900,900,140.641111643507430,325.324159590011500,1467590.000000000000000,9,0,80,0
,08074150,278,2259,22590000.000000000000000,0,900,900,387.261620185922990,445.594405020927130,874824.000000000000000,4,0,6,0
,08074500,279,11952,119520000.000000000000000,0,900,900,183.635960508701460,347.321366000523600,2194817.000000000000000,11,0,463,3
,08074760,280,4223,42230000.000000000000000,0,900,900,102.298602888941520,285.330999740925170,432007.000000000000000,9,0,80,0
,08075000,281,22203,222030000.000000000000000,0,900,900,147.390487771922720,318.380183429079120,3272511.000000000000000,11,0,463,0
,08075400,282,5040,50400000.000000000000000,0,900,900,66.965476190476195,232.349054940871470,337506.000000000000000,9,0,6,0
,08075500,283,11172,111720000.000000000000000,0,900,900,99.623702112423913,263.894055798182190,1112996.000000000000000,11,0,463,3
,08075605,284,1294,12940000.000000000000000,0,900,900,119.414992272024730,291.973747720443380,154523.000000000000000,10,0,187,3
,08075730,285,2389,23890000.000000000000000,0,900,900,117.178317287568020,285.266099648300330,279939.000000000000000,11,0,463,3
,08075763,286,2344,23440000.000000000000000,0,900,900,232.920648464163830,322.635103616432790,545966.000000000000000,11,80,463,80
,08075770,287,2436,24360000.000000000000000,0,900,900,327.682676518883400,405.402792722076870,798235.000000000000000,10,900,187,80
,08075900,288,8324,83240000.000000000000000,0,900,900,99.826285439692455,279.121729770154160,830954.000000000000000,9,0,7,0
,08076000,289,7102,71020000.000000000000000,0,900,900,237.720782878062520,394.049770730183470,1688293.000000000000000,10,0,187,3
,08076500,290,7479,74790000.000000000000000,0,900,900,106.142265008691000,271.600357502990390,793838.000000000000000,10,0,187,6
,08076997,291,8479,84790000.000000000000000,0,900,900,41.012265597358180,185.074962969590500,347743.000000000000000,10,0,187,0
,08077000,292,361,3610000.000000000000000,0,900,900,175.022160664819950,355.577193845644670,63183.000000000000000,7,0,3,0
,08116400,293,2475,24750000.000000000000000,0,900,900,49.068282828282825,185.866674775229200,121444.000000000000000,10,0,187,3
,02300042,294,16747,167470000.000000000000000,0,900,900,39.467606138412847,182.799852793120410,660964.000000000000000,9,0,80,0
,01393450,295,4575,45750000.000000000000000,0,900,900,337.941202185792350,271.866997851815650,1546081.000000000000000,11,463,7,463
,01393500,296,388,3880000.000000000000000,3,900,897,396.381443298969090,164.849302835467140,153796.000000000000000,7,463,3,463
,01394500,297,6649,66490000.000000000000000,0,900,900,175.559332230410580,221.192388248229520,1167294.000000000000000,11,80,7,80
,01395000,298,4362,43620000.000000000000000,0,900,900,190.341357175607530,245.674273903741410,830269.000000000000000,11,80,7,80
,01396000,299,5262,52620000.000000000000000,0,900,900,68.539718738122389,155.296764249825660,360656.000000000000000,11,80,900,11
,01402600,300,160,1600000.000000000000000,0,80,80,14.768750000000001,15.071173591910485,2363.000000000000000,8,17,0,17
,01403400,301,1631,16310000.000000000000000,0,900,900,45.374003678724712,151.917335006606440,74005.000000000000000,11,0,463,6
,01403500,302,1513,15130000.000000000000000,0,900,900,191.161929940515530,228.597605815929310,289228.000000000000000,11,80,9,80
,01403900,303,9293,92930000.000000000000000,0,900,900,163.216507048315950,271.031147987787620,1516771.000000000000000,11,80,7,80
,01405000,304,8443,84430000.000000000000000,0,900,900,76.415136799715739,236.619774984504460,645173.000000000000000,10,0,187,3
,01465798,305,5471,54710000.000000000000000,0,900,900,149.505026503381460,301.896622632716740,817942.000000000000000,11,0,463,11
,01467042,306,9828,98280000.000000000000000,0,900,900,103.845543345543350,233.472504617944590,1020594.000000000000000,11,80,463,11
,01467048,307,3126,31260000.000000000000000,0,900,900,134.100127959053110,225.715805762894770,419197.000000000000000,11,80,6,80
,01467086,308,4184,41840000.000000000000000,0,900,900,191.202676864244750,198.938305416174810,799992.000000000000000,11,80,7,80
,01467087,309,3521,35210000.000000000000000,0,900,900,412.492189718829880,266.279592472969910,1452385.000000000000000,11,463,3,463
,01473120,310,13806,138060000.000000000000000,0,900,900,41.100825727944375,139.987259527328090,567438.000000000000000,11,3,463,7
,01473169,311,5420,54200000.000000000000000,0,900,900,102.536900369003690,263.793097813155330,555750.000000000000000,11,3,463,6
,01473900,312,10471,104710000.000000000000000,0,900,900,83.919109922643486,201.689879791157040,878717.000000000000000,11,3,463,11
,01474000,313,6028,60280000.000000000000000,0,900,900,117.051758460517590,179.957717261262760,705588.000000000000000,11,80,900,80
,01475510,314,9808,98080000.000000000000000,0,900,900,95.736337683523658,165.647095518749980,938982.000000000000000,11,80,900,17
,01475530,315,1477,14770000.000000000000000,0,900,900,239.362220717670970,201.426848666005720,353538.000000000000000,11,463,7,187
,01475548,316,3604,36040000.000000000000000,0,900,900,292.428967813540510,235.510237173406100,1053914.000000000000000,11,463,7,187
,01475550,317,537,5370000.000000000000000,0,900,900,325.132216014897550,260.954848912018690,174596.000000000000000,7,463,9,463
,01477000,318,15732,157320000.000000000000000,0,900,900,46.154398677854054,161.343699425694640,726101.000000000000000,11,3,463,7
,01477800,319,1897,18970000.000000000000000,0,900,900,54.049551924090672,154.152142876649320,102532.000000000000000,11,0,463,9
,01478000,320,5402,54020000.000000000000000,0,900,900,63.044983339503887,211.983655872567080,340569.000000000000000,10,3,187,3
,01581500,321,2173,21730000.000000000000000,0,900,900,34.285780027611594,129.571166980731730,74503.000000000000000,11,3,463,3
,01581752,322,656,6560000.000000000000000,0,900,900,116.830792682926830,284.709571258931870,76641.000000000000000,10,3,187,6
,01583600,323,5380,53800000.000000000000000,0,900,900,107.820074349442380,284.057932933491600,580072.000000000000000,11,3,463,3
,0158397967,324,579,5790000.000000000000000,0,900,900,90.628670120898107,241.164923123593920,52474.000000000000000,11,3,463,6
,01585090,325,699,6990000.000000000000000,0,900,900,95.208869814020034,207.987521308464180,66551.000000000000000,11,80,463,17
,01585095,326,343,3430000.000000000000000,0,900,900,19.688046647230319,70.992005072621097,6753.000000000000000,9,3,900,7
,01585100,327,948,9480000.000000000000000,0,900,900,109.766877637130800,282.368668326137370,104059.000000000000000,10,0,187,6
,01585104,328,602,6020000.000000000000000,0,900,900,16.554817275747510,96.818413200181936,9966.000000000000000,9,0,900,3
,01585200,329,608,6080000.000000000000000,0,900,900,140.626644736842110,218.566570644313970,85501.000000000000000,11,80,3,80
,01585230,330,918,9180000.000000000000000,0,900,900,254.206971677559920,186.048271535571980,233362.000000000000000,10,463,3,187
,01585300,331,1162,11620000.000000000000000,0,900,900,105.406196213425130,208.646412713468490,122482.000000000000000,11,80,7,17
,01585400,332,505,5050000.000000000000000,0,900,900,241.956435643564360,360.188759758827420,122188.000000000000000,11,80,463,80
,01589100,333,650,6500000.000000000000000,0,900,900,233.930769230769240,279.635707757887080,152055.000000000000000,11,80,6,80
,01589197,334,1069,10690000.000000000000000,0,900,900,43.915809167446213,102.969013761286480,46946.000000000000000,11,80,463,11
,01589290,335,874,8740000.000000000000000,0,900,900,28.647597254004577,61.599777295674514,25038.000000000000000,10,0,900,9
,01589300,336,6531,65310000.000000000000000,0,900,900,60.901393354769560,191.904040329368660,397747.000000000000000,11,0,463,3
,01589305,337,922,9220000.000000000000000,0,900,900,233.963123644251620,299.516832075483710,215714.000000000000000,11,80,3,80
,01589312,338,203,2030000.000000000000000,0,900,900,71.990147783251231,191.571463215942910,14614.000000000000000,10,17,187,17
,01589317,339,125,1250000.000000000000000,0,900,900,349.656000000000010,434.799008352135050,43707.000000000000000,5,0,11,0
,01589330,340,1103,11030000.000000000000000,0,900,900,169.881233000906600,326.544166806514800,187379.000000000000000,10,0,187,11
,01589352,341,5114,51140000.000000000000000,0,900,900,242.515643332029730,260.902230809855550,1240225.000000000000000,11,463,6,187
,01589500,342,1256,12560000.000000000000000,0,900,900,123.496815286624200,297.586041707531990,155112.000000000000000,10,0,187,3
,01593500,343,9812,98120000.000000000000000,0,900,900,34.158479412963715,163.594492655974700,335163.000000000000000,11,0,187,0
,01594400,344,3094,30940000.000000000000000,0,900,900,201.780219780219770,368.512225082662780,624308.000000000000000,10,0,187,3
,01594500,345,7902,79020000.000000000000000,0,900,900,45.892052644900026,185.279198883645850,362639.000000000000000,10,0,187,0
,01594526,346,15478,154780000.000000000000000,0,900,900,54.358896498255589,205.643231676438890,841367.000000000000000,11,0,463,0
,01644371,347,115,1150000.000000000000000,0,80,80,5.617391304347827,12.572283254770600,646.000000000000000,6,3,6,3
,01644375,348,332,3320000.000000000000000,0,900,900,53.105421686746986,203.261236964978200,17631.000000000000000,10,0,17,3
,01644600,349,13910,139100000.000000000000000,0,900,900,33.914450035945364,158.469022432939200,471750.000000000000000,10,0,187,0
,01645200,350,969,9690000.000000000000000,0,900,900,185.662538699690400,350.917124586893180,179907.000000000000000,10,0,7,3
,01645704,351,1428,14280000.000000000000000,0,900,900,110.224089635854340,289.524639729895630,157400.000000000000000,9,0,7,3
,01646000,352,13580,135800000.000000000000000,0,900,900,32.791163475699555,157.340962026236100,445304.000000000000000,10,0,187,3
,01646305,353,540,5400000.000000000000000,0,900,900,71.633333333333340,204.238465379910110,38682.000000000000000,10,0,3,7
,01646550,354,1058,10580000.000000000000000,0,900,900,202.092627599243850,247.848528584397910,213814.000000000000000,11,80,7,80
,01647850,355,710,7100000.000000000000000,0,900,900,28.325352112676057,113.116765321092000,20111.000000000000000,9,0,6,0
,01649190,356,3399,33990000.000000000000000,0,900,900,26.465136804942631,124.633010694299320,89955.000000000000000,10,0,187,0
,01649500,357,15414,154140000.000000000000000,0,900,900,106.357856494096280,264.707437337588430,1639400.000000000000000,11,0,463,0
,01650800,358,1672,16720000.000000000000000,0,900,900,138.212320574162670,220.867013867418930,231091.000000000000000,11,80,3,80
,01651000,359,11110,111100000.000000000000000,0,900,900,56.210981098109812,147.545847414071460,624504.000000000000000,11,0,900,6
,01651800,360,859,8590000.000000000000000,0,900,900,142.050058207217690,170.384133721017490,122021.000000000000000,11,80,6,80
,01652500,361,3469,34690000.000000000000000,0,900,900,142.890170077832240,211.034435017099380,495686.000000000000000,11,80,3,80
,01653500,362,4485,44850000.000000000000000,0,900,900,93.770568561872906,251.437318804581200,420561.000000000000000,11,0,463,6
,01654000,363,6039,60390000.000000000000000,0,900,900,84.585692995529058,247.975113931429260,510813.000000000000000,10,0,187,3
,01656903,364,1086,10860000.000000000000000,0,900,900,16.050644567219152,114.828345805839010,17431.000000000000000,9,0,80,0
,01657000,365,37164,371640000.000000000000000,0,900,900,50.098105693682058,201.487574728724950,1861846.000000000000000,11,0,463,0
,01673500,366,1515,15150000.000000000000000,0,900,900,49.394059405940595,202.175311545135770,74832.000000000000000,8,0,17,0
,02038000,367,8800,88000000.000000000000000,0,900,900,29.882386363636364,152.336269509075320,262965.000000000000000,9,0,80,0
,0208675010,368,1562,15620000.000000000000000,0,900,900,137.316901408450720,295.842746984839440,214489.000000000000000,11,0,463,6
,02086849,369,4157,41570000.000000000000000,0,900,900,145.901611739235020,274.347600514228420,606513.000000000000000,11,3,7,11
,0208732885,370,1790,17900000.000000000000000,0,900,900,183.662569832402230,359.009679295743810,328756.000000000000000,9,0,9,0
,0208735012,371,314,3140000.000000000000000,0,900,900,274.856687898089150,385.054378453355640,86305.000000000000000,10,0,7,9
,02093877,372,1379,13790000.000000000000000,0,900,900,127.502538071065980,312.584587816372050,175826.000000000000000,8,0,80,0
,0209399200,373,4114,41140000.000000000000000,0,900,900,104.373845405930960,280.584483123368050,429394.000000000000000,10,0,187,3
,02094659,374,1927,19270000.000000000000000,0,900,900,196.210690192008310,361.071080392616070,378098.000000000000000,11,0,463,3
,02094770,375,2133,21330000.000000000000000,0,900,900,180.583684950773550,324.913671185909100,385185.000000000000000,11,80,463,17
,02094775,376,979,9790000.000000000000000,0,900,900,137.623084780388150,302.147512692451130,134733.000000000000000,10,0,187,9
,02095000,377,3847,38470000.000000000000000,0,900,900,174.985703145308040,327.159519559316150,673170.000000000000000,11,3,463,9
,02095181,378,2485,24850000.000000000000000,0,900,900,130.468008048289730,277.996617603614420,324213.000000000000000,11,3,463,9
,02095271,379,1285,12850000.000000000000000,0,900,900,341.869260700389080,349.478265981758680,439302.000000000000000,10,80,6,187
,02095500,380,5839,58390000.000000000000000,0,900,900,115.020380202089400,261.228377501992210,671604.000000000000000,11,3,463,11
,0209722970,381,1211,12110000.000000000000000,0,900,900,125.425268373245250,288.163291495417520,151890.000000000000000,11,0,463,7
,02097280,382,3841,38410000.000000000000000,0,900,900,89.353293413173660,220.752020874879460,343206.000000000000000,11,0,463,7
,0209741955,383,5487,54870000.000000000000000,0,900,900,88.828321487151456,262.239896139357090,487401.000000000000000,10,0,187,0
,02099000,384,3765,37650000.000000000000000,0,900,900,269.239043824701180,410.984224956986400,1013685.000000000000000,9,0,9,3
,02115860,385,47328,473280000.000000000000000,0,900,900,65.349454868154154,204.441185441493450,3092859.000000000000000,11,3,463,6
,0212414900,386,9286,92860000.000000000000000,0,900,900,66.166271807021317,228.435364212995840,614420.000000000000000,11,0,187,3
,02142654,387,2625,26250000.000000000000000,0,900,900,51.341714285714289,192.895122239334740,134772.000000000000000,9,3,7,3
,0214265808,388,1877,18770000.000000000000000,0,900,900,44.808737346830050,181.192148685263050,84106.000000000000000,10,3,187,3
,0214266000,389,2294,22940000.000000000000000,0,900,900,10.734524847428073,85.533780489911052,24625.000000000000000,9,3,80,3
,02142900,390,4265,42650000.000000000000000,0,900,900,98.121453692848775,276.796992698506700,418488.000000000000000,9,3,80,3
,02142914,391,1422,14220000.000000000000000,0,900,900,64.951476793248943,228.483968378168640,92361.000000000000000,9,0,80,3
,0214291555,392,2648,26480000.000000000000000,0,900,900,15.312688821752266,101.365225907526270,40548.000000000000000,10,3,187,3
,0214295600,393,2721,27210000.000000000000000,0,900,900,88.226387357589118,246.593798556914860,240064.000000000000000,10,0,187,6
,021459367,394,4368,43680000.000000000000000,0,900,900,22.023122710622712,129.689816146938480,96197.000000000000000,10,3,187,3
,02146110,395,1514,15140000.000000000000000,0,900,900,125.032364597093790,268.182617613045860,189299.000000000000000,11,0,463,7
,02146211,396,1490,14900000.000000000000000,0,900,900,154.872483221476500,323.798371030110450,230760.000000000000000,9,17,7,11
,02146300,397,6320,63200000.000000000000000,0,900,900,224.496835443037980,358.274037666609270,1418820.000000000000000,11,900,463,17
,02146315,398,1359,13590000.000000000000000,0,900,900,250.287711552612220,391.598180574519060,340141.000000000000000,10,0,187,9
,02146381,399,7524,75240000.000000000000000,0,900,900,219.263822434875070,384.313379893251070,1649741.000000000000000,10,0,187,0
,02146409,400,3150,31500000.000000000000000,0,900,900,345.966984126984130,397.391149743019700,1089796.000000000000000,11,900,7,80
,0214642825,401,1331,13310000.000000000000000,0,900,900,29.692712246431256,145.460783232230770,39521.000000000000000,9,0,80,3
,0214645022,402,3523,35230000.000000000000000,0,900,900,89.860346295770654,191.249581166719170,316578.000000000000000,11,80,463,17
,02146470,403,699,6990000.000000000000000,0,900,900,92.130185979971387,242.524075624708250,64399.000000000000000,10,0,187,9
,02146500,404,1916,19160000.000000000000000,0,900,900,116.376826722338210,218.628797536528850,222978.000000000000000,11,80,7,17
,02146507,405,501,5010000.000000000000000,0,900,900,53.642714570858281,191.534964970378070,26875.000000000000000,8,0,6,0
,02146530,406,1640,16400000.000000000000000,0,900,900,108.698780487804880,289.153500880904970,178266.000000000000000,9,0,7,0
,0214655255,407,1897,18970000.000000000000000,0,900,900,15.144438587243016,110.340175645738710,28729.000000000000000,9,0,80,0
,02146562,408,1525,15250000.000000000000000,0,900,900,27.881311475409834,145.411365640022860,42519.000000000000000,10,0,187,0
,02146600,409,6621,66210000.000000000000000,0,900,900,63.026733121884909,224.749489927812450,417300.000000000000000,9,0,80,3
,02146700,410,1828,18280000.000000000000000,0,900,900,29.245623632385119,131.629400508479050,53461.000000000000000,10,3,187,3
,02146750,411,11981,119810000.000000000000000,0,900,900,25.012853685001254,142.924185950744690,299679.000000000000000,9,0,80,0
,0214676115,412,698,6980000.000000000000000,0,900,900,46.166189111747848,193.221930695050700,32224.000000000000000,7,3,9,3
,0214678175,413,1829,18290000.000000000000000,0,900,900,165.095133952979780,346.735535649537610,301959.000000000000000,8,0,17,0
,02146800,414,12216,122160000.000000000000000,0,900,900,47.352979698755732,192.663073994907590,578464.000000000000000,11,0,463,0
,0214685800,415,5441,54410000.000000000000000,0,900,900,7.093916559455982,71.873770027609126,38598.000000000000000,8,0,17,0
,021473428,416,7686,76860000.000000000000000,0,900,900,37.247723132969035,159.847206324205870,286286.000000000000000,11,3,463,3
,02160326,417,21923,219230000.000000000000000,0,900,900,43.894357524061490,181.631301607598400,962296.000000000000000,10,3,187,3
,02162093,418,1446,14460000.000000000000000,0,900,900,251.843706777316730,368.032284685794140,364166.000000000000000,11,0,6,80
,02164000,419,12519,125190000.000000000000000,0,900,900,101.061027238597330,238.047497741564230,1265183.000000000000000,11,3,463,7
,02164110,420,15847,158470000.000000000000000,0,900,900,92.461664668391492,256.576191632785540,1465240.000000000000000,11,0,463,3
,02197020,421,4559,45590000.000000000000000,0,900,900,87.514147839438479,266.224624187323400,398977.000000000000000,9,0,17,0
,02197338,422,81,810000.000000000000000,0,900,900,322.222222222222230,431.477507532168890,26100.000000000000000,2,0,900,0
,02197339,423,46,460000.000000000000000,0,900,900,58.695652173913047,222.218152661749830,2700.000000000000000,2,0,900,0
,02203603,424,606,6060000.000000000000000,0,900,900,293.561056105610590,366.281662348993450,177898.000000000000000,10,80,7,80
,02203655,425,5359,53590000.000000000000000,0,900,900,191.042918454935630,330.325962195500950,1023799.000000000000000,11,0,463,17
,02203700,426,2757,27570000.000000000000000,0,900,900,255.291984040623870,326.198206929701090,703840.000000000000000,11,80,7,80
,02204070,427,39058,390580000.000000000000000,0,900,900,65.166572789185309,208.428417938161370,2545276.000000000000000,11,0,463,3
,02205000,428,334,3340000.000000000000000,0,3,3,0.089820359281437,0.511266448051175,30.000000000000000,2,0,3,0
,02205522,429,1936,19360000.000000000000000,0,900,900,99.076446280991732,268.960864505052030,191812.000000000000000,9,0,6,0
,02206500,430,32889,328890000.000000000000000,0,900,900,81.105901669251111,253.945880345717740,2667492.000000000000000,11,0,463,0
,02207120,431,6930,69300000.000000000000000,0,900,900,22.238095238095237,131.978746344643580,154110.000000000000000,9,0,80,0
,02207385,432,4462,44620000.000000000000000,0,900,900,15.675705961452264,109.209682545367020,69945.000000000000000,8,3,17,3
,02208050,433,2569,25690000.000000000000000,0,900,900,121.075905021409110,305.248147207316780,311044.000000000000000,7,0,7,3
,02208130,434,1391,13910000.000000000000000,0,900,900,103.153846153846160,276.412130275471440,143487.000000000000000,9,3,9,3
,02208150,435,3981,39810000.000000000000000,0,900,900,19.284350665661893,124.517911977260160,76771.000000000000000,8,0,17,3
,02211375,436,1140,11400000.000000000000000,0,900,900,78.801754385964912,199.529391926443170,89834.000000000000000,11,80,463,11
,02217274,437,438,4380000.000000000000000,0,3,3,2.404109589041096,1.196906784592660,1053.000000000000000,2,3,0,3
,02218565,438,1483,14830000.000000000000000,0,900,900,8.231287929871881,69.739471193676280,12207.000000000000000,9,3,17,3
,02334480,439,2445,24450000.000000000000000,0,900,900,23.830265848670756,127.760730739739540,58265.000000000000000,10,3,187,3
,02334578,440,1309,13090000.000000000000000,0,900,900,8.423987776928954,69.941029874321103,11027.000000000000000,8,3,17,3
,02334620,441,1784,17840000.000000000000000,0,900,900,29.237107623318387,156.762249475734590,52159.000000000000000,5,0,7,0
,02334885,442,12119,121190000.000000000000000,0,900,900,67.326182028220146,229.985500140719070,815926.000000000000000,10,3,187,3
,02335350,443,2295,22950000.000000000000000,0,900,900,197.177777777777780,366.074920880813640,452523.000000000000000,10,0,187,0
,02335700,444,19072,190720000.000000000000000,0,900,900,44.424496644295303,189.115739325115100,847264.000000000000000,9,3,80,3
,02335757,445,7703,77030000.000000000000000,0,900,900,90.564065948331816,263.132609850127840,697615.000000000000000,10,0,187,3
,023358685,446,3308,33080000.000000000000000,0,900,900,7.014207980652962,73.140867902319201,23203.000000000000000,9,0,80,0
,02335870,447,4665,46650000.000000000000000,0,900,900,92.842229367631290,261.101160571188470,433109.000000000000000,11,0,463,0
,02335910,448,4810,48100000.000000000000000,0,900,900,236.367567567567560,386.888634919189940,1136928.000000000000000,11,0,463,3
,02336030,449,357,3570000.000000000000000,0,900,900,461.470588235294140,449.729028098898710,164745.000000000000000,4,900,6,900
,02336120,450,8742,87420000.000000000000000,0,900,900,139.338480896819960,308.802250931186900,1218097.000000000000000,10,0,187,7
,02336240,451,7137,71370000.000000000000000,0,900,900,151.304609780019600,270.860423782597190,1079861.000000000000000,11,0,7,17
,02336300,452,5891,58910000.000000000000000,0,900,900,300.060940417586150,329.273905059470560,1767659.000000000000000,11,80,7,187
,02336360,453,6798,67980000.000000000000000,0,900,900,135.896440129449840,307.642957078477370,923824.000000000000000,10,0,187,6
,02336410,454,2839,28390000.000000000000000,0,900,900,45.547375836562168,145.771846633197360,129309.000000000000000,11,17,463,11
,02336526,455,3508,35080000.000000000000000,0,900,900,218.541049030786780,310.048352561582760,766642.000000000000000,11,80,7,80
,02336635,456,8066,80660000.000000000000000,0,900,900,33.962682866352594,151.412580790253140,273943.000000000000000,10,3,187,3
,02336728,457,8992,89920000.000000000000000,0,900,900,83.427157473309606,218.825944693929070,750177.000000000000000,11,0,463,7
,02336968,458,11435,114350000.000000000000000,0,900,900,17.610843900306079,107.978632461440230,201380.000000000000000,11,0,463,0
,02344350,459,33003,330030000.000000000000000,0,900,900,115.934915007726570,296.663564082516930,3826200.000000000000000,11,0,463,3
,02344478,460,3330,33300000.000000000000000,0,900,900,49.165465465465466,181.675425715387890,163721.000000000000000,10,3,187,3
,02346310,461,2504,25040000.000000000000000,0,900,900,76.380591054313101,217.423902718015540,191257.000000000000000,11,3,463,3
,02378170,462,1376,13760000.000000000000000,0,900,900,63.437500000000000,221.740293410234700,87290.000000000000000,9,0,7,3
,02392950,463,6552,65520000.000000000000000,0,900,900,152.509004884004900,335.266158521195220,999239.000000000000000,9,0,80,0
,02392975,464,2396,23960000.000000000000000,0,900,900,22.525041736227045,139.427899608622250,53970.000000000000000,7,0,9,0
,02465292,465,2642,26420000.000000000000000,0,900,900,96.707797123391373,249.340602319283220,255502.000000000000000,11,3,463,9
,02485700,466,4506,45060000.000000000000000,0,900,900,58.287616511318241,216.932870327118650,262644.000000000000000,10,0,187,0
,03238140,467,1062,10620000.000000000000000,0,900,900,173.195856873822980,189.089037461974240,183934.000000000000000,10,80,9,80
,03260015,468,1639,16390000.000000000000000,0,900,900,74.397803538743133,171.162426795746740,121938.000000000000000,11,0,7,11
,03260050,469,3070,30700000.000000000000000,0,900,900,162.580456026058640,313.115202715835890,499122.000000000000000,11,80,463,11
,03260100,470,976,9760000.000000000000000,0,900,900,267.634221311475410,406.275441091164000,261211.000000000000000,9,900,80,7
,03277075,471,9559,95590000.000000000000000,0,900,900,101.060989643268130,280.439585787388350,966042.000000000000000,9,0,80,3
,03284520,472,408,4080000.000000000000000,0,900,900,21.573529411764707,132.259509778159010,8802.000000000000000,8,0,7,0
,03287580,473,558,5580000.000000000000000,0,900,900,10.860215053763440,84.717780447601953,6060.000000000000000,9,3,7,3
,03287600,474,5004,50040000.000000000000000,0,900,900,61.512789768185449,218.506130104343810,307810.000000000000000,11,3,187,3
,03288200,475,5217,52170000.000000000000000,0,900,900,92.619321449108682,245.549282348366010,483195.000000000000000,11,3,9,3
,03288500,476,607,6070000.000000000000000,0,900,900,55.502471169686984,212.129672451982170,33690.000000000000000,9,0,9,3
,03289000,477,5590,55900000.000000000000000,0,900,900,37.908586762075132,169.492524828616380,211909.000000000000000,9,3,11,3
,03289193,478,2557,25570000.000000000000000,0,900,900,118.941728588189280,252.970629421376400,304134.000000000000000,11,80,463,11
,03289200,479,5300,53000000.000000000000000,0,900,900,190.255471698113210,319.774361513522930,1008354.000000000000000,11,3,7,3
,03289300,480,12714,127140000.000000000000000,0,900,900,10.113890199779771,81.854928267376081,128588.000000000000000,10,3,463,3
,03292474,481,1721,17210000.000000000000000,0,900,900,37.479372457873332,151.840457107826470,64502.000000000000000,10,3,187,7
,03292475,482,1035,10350000.000000000000000,0,900,900,29.563285024154588,147.862145632165580,30598.000000000000000,9,3,80,3
,03292480,483,1490,14900000.000000000000000,0,900,900,79.309395973154366,244.307225397683110,118171.000000000000000,9,3,80,3
,03292500,484,4525,45250000.000000000000000,0,900,900,112.522651933701650,261.539762324861730,509165.000000000000000,11,0,463,11
,03292550,485,1369,13690000.000000000000000,0,900,900,214.105186267348440,209.564111351114690,293110.000000000000000,11,463,7,187
,03293000,486,4883,48830000.000000000000000,0,900,900,98.002457505631781,255.039571994077760,478546.000000000000000,11,0,463,6
,03293500,487,1684,16840000.000000000000000,0,900,900,201.664489311163890,216.647139464795120,339603.000000000000000,11,463,7,80
,03293510,488,3157,31570000.000000000000000,0,900,900,211.694963573012360,268.899751023877800,668321.000000000000000,11,463,7,80
,03294550,489,7857,78570000.000000000000000,0,900,900,208.571974035891570,313.741253392457390,1638750.000000000000000,11,80,7,80
,03294570,490,3701,37010000.000000000000000,0,900,900,77.882464198865165,225.609381561018980,288243.000000000000000,10,3,187,6
,03298135,491,1419,14190000.000000000000000,0,900,900,277.812544045102190,404.408664547435480,394216.000000000000000,11,900,463,11
,03298150,492,1594,15940000.000000000000000,0,900,900,32.491844416562110,143.804617890772360,51792.000000000000000,10,3,187,3
,03298250,493,2926,29260000.000000000000000,0,900,900,17.480177717019821,95.440892141635928,51147.000000000000000,9,3,900,3
,03301900,494,883,8830000.000000000000000,0,900,900,12.300113250283125,80.008050769798444,10861.000000000000000,9,0,900,3
,03302000,495,15802,158020000.000000000000000,0,900,900,154.186432097202900,325.026014436052320,2436454.000000000000000,10,3,187,6
,03302030,496,4773,47730000.000000000000000,0,900,900,22.534464697255395,123.083882234448050,107557.000000000000000,10,3,187,3
,03431060,497,24227,242270000.000000000000000,0,900,900,33.776943080034670,158.692407141048390,818314.000000000000000,11,3,463,3
,03431300,498,3092,30920000.000000000000000,0,900,900,209.485446313065980,330.295809217100210,647729.000000000000000,11,80,7,80
,03431700,499,6396,63960000.000000000000000,0,900,900,63.995309568480302,142.140521123831720,409314.000000000000000,11,80,9,7
,05588720,500,2199,21990000.000000000000000,0,900,900,27.282401091405184,112.248153005204020,59994.000000000000000,10,3,187,3
,06935850,501,1444,14440000.000000000000000,0,900,900,126.016620498614960,312.138506263133250,181968.000000000000000,4,0,9,0
,06935890,502,4289,42890000.000000000000000,0,900,900,125.577057589181620,311.115656821442140,538600.000000000000000,9,0,80,0
,06935955,503,3035,30350000.000000000000000,0,900,900,288.710049423393740,416.467195376627500,876235.000000000000000,11,0,463,3
,06935980,504,974,9740000.000000000000000,0,900,900,347.512320328542100,437.188748011943400,338477.000000000000000,9,0,187,3
,06935997,505,554,5540000.000000000000000,0,900,900,92.357400722021666,270.879384999657190,51166.000000000000000,8,0,7,0
,06936475,506,10595,105950000.000000000000000,0,900,900,255.483907503539400,400.743121182044380,2706852.000000000000000,11,0,463,3
,07001910,507,300,3000000.000000000000000,0,900,900,105.530000000000000,288.737578260953060,31659.000000000000000,6,0,11,0
,07001985,508,1068,10680000.000000000000000,0,900,900,175.845505617977520,353.138543634647420,187803.000000000000000,10,0,187,3
,07005000,509,6132,61320000.000000000000000,0,900,900,161.361545988258310,329.251108043943250,989469.000000000000000,11,0,463,3
,07010030,510,514,5140000.000000000000000,0,900,900,124.770428015564210,301.210453304616290,64132.000000000000000,10,0,187,0
,07010035,511,373,3730000.000000000000000,0,900,900,153.943699731903480,328.306083144591750,57421.000000000000000,11,0,463,3
,07010055,512,3164,31640000.000000000000000,0,900,900,96.573324905183313,271.321769353011800,305558.000000000000000,10,0,187,0
,07010061,513,1649,16490000.000000000000000,0,900,900,53.535476046088540,200.673227395283390,88280.000000000000000,11,3,463,3
,07010070,514,491,4910000.000000000000000,0,900,900,65.934826883910389,214.256170382003920,32374.000000000000000,10,0,187,3
,07010075,515,288,2880000.000000000000000,0,900,900,61.940972222222221,211.244970325789470,17839.000000000000000,10,0,187,3
,07010082,516,1485,14850000.000000000000000,0,900,900,220.092255892255910,374.657442965782310,326837.000000000000000,11,0,463,6
,07010086,517,2340,23400000.000000000000000,0,900,900,222.380341880341890,364.249595964864280,520370.000000000000000,11,0,463,17
,07010090,518,948,9480000.000000000000000,0,900,900,190.656118143459910,353.215861813152400,180742.000000000000000,10,0,9,3
,07010094,519,154,1540000.000000000000000,0,900,900,165.350649350649350,346.384058533402880,25464.000000000000000,7,0,17,0
,07010097,520,9863,98630000.000000000000000,0,900,900,377.577714691270390,429.475733748377480,3724049.000000000000000,11,900,463,80
,07010180,521,4726,47260000.000000000000000,0,900,900,203.849978840457060,369.594074729446790,963395.000000000000000,11,0,463,3
,07010208,522,685,6850000.000000000000000,0,900,900,268.525547445255480,411.245434031262680,183940.000000000000000,5,0,17,0
,07019120,523,2489,24890000.000000000000000,0,900,900,124.556448372840490,308.039074863611920,310021.000000000000000,10,0,187,0
,07019317,524,2067,20670000.000000000000000,0,900,900,246.146105466860180,400.544733023000620,508784.000000000000000,8,0,11,0
,07031692,525,7881,78810000.000000000000000,0,900,900,101.477731252379140,280.125626725059650,799746.000000000000000,9,0,80,3
,07032200,526,17613,176130000.000000000000000,0,900,900,38.056889797308806,177.466571436821970,670296.000000000000000,10,0,187,0
,08076180,527,7312,73120000.000000000000000,0,900,900,106.511761487964990,288.400643088529650,778814.000000000000000,9,0,80,0
,0209553650,528,4599,45990000.000000000000000,0,900,900,40.624918460534900,172.223577480593660,186834.000000000000000,10,3,187,3
,10168000,529,11677,116770000.000000000000000,0,900,900,19.716964973880277,118.116009023634790,230235.000000000000000,11,0,463,0
,11161300,530,950,9500000.000000000000000,0,900,900,47.068421052631578,165.985765250903310,44715.000000000000000,10,3,187,7
,11162800,531,462,4620000.000000000000000,0,900,900,73.179653679653683,196.019248153423210,33809.000000000000000,10,17,187,17
,12081000,532,6412,64120000.000000000000000,0,900,900,80.994697442295703,250.622976084725200,519338.000000000000000,10,0,187,3
,12090400,533,1460,14600000.000000000000000,0,900,900,71.224657534246575,181.953976403354010,103988.000000000000000,11,80,463,17
,12090500,534,14961,149610000.000000000000000,0,900,900,53.914043178931891,196.639561810098630,806608.000000000000000,11,0,463,3
,12091100,535,3480,34800000.000000000000000,0,900,900,293.016091954023010,338.668771954797820,1019696.000000000000000,11,80,7,187
,12091200,536,1223,12230000.000000000000000,0,900,900,144.690923957481600,297.822159297262490,176957.000000000000000,11,0,463,11
,12091290,537,503,5030000.000000000000000,0,900,900,31.942345924453281,125.453161307205760,16067.000000000000000,9,17,900,9
,12091300,538,31,310000.000000000000000,0,80,80,17.806451612903224,24.583523665171473,552.000000000000000,7,11,3,11
,12091500,539,4202,42020000.000000000000000,0,900,900,163.455497382198960,296.281455142093310,686840.000000000000000,11,80,463,80
,12102190,540,556,5560000.000000000000000,0,900,900,62.874100719424462,162.004613948918320,34958.000000000000000,10,80,0,17
,12113347,541,732,7320000.000000000000000,0,900,900,59.206284153005463,163.602952375815020,43339.000000000000000,10,0,7,11
,12113349,542,1367,13670000.000000000000000,0,900,900,239.707388441843450,386.691177215728940,327680.000000000000000,10,0,463,9
,12120000,543,3758,37580000.000000000000000,0,900,900,145.985896753592330,321.496192962762390,548615.000000000000000,11,0,463,0
,12120500,544,1678,16780000.000000000000000,0,900,900,93.627532777115619,251.529249144508160,157107.000000000000000,10,0,3,6
,12124000,545,3398,33980000.000000000000000,0,900,900,10.179223072395526,73.943633490844917,34589.000000000000000,10,3,187,3
,12125200,546,37169,371690000.000000000000000,0,900,900,31.645618660711882,153.554925960181040,1176236.000000000000000,11,0,463,0
,12126000,547,6385,63850000.000000000000000,0,900,900,63.908535630383710,213.311791087329740,408056.000000000000000,11,0,463,0
,12127100,548,5890,58900000.000000000000000,0,900,900,88.282512733446524,241.351780222223740,519984.000000000000000,10,0,187,9
,12128000,549,3126,31260000.000000000000000,0,900,900,147.190658989123480,222.799569636218020,460118.000000000000000,11,80,7,80
,12157000,550,4791,47910000.000000000000000,0,900,900,62.962847004800665,221.042826151075730,301655.000000000000000,9,3,80,3
,14142800,551,2896,28960000.000000000000000,0,900,900,48.079765193370164,164.365358858740510,139239.000000000000000,11,6,463,7
,14206900,552,625,6250000.000000000000000,0,900,900,84.473600000000005,81.929724172854378,52796.000000000000000,9,80,6,80
,14206950,553,7458,74580000.000000000000000,0,900,900,130.360820595333880,277.673209198210370,972231.000000000000000,11,80,463,17
,14211315,554,1705,17050000.000000000000000,0,900,900,60.439296187683283,114.976381527607960,103049.000000000000000,11,80,463,17
,14211499,555,1223,12230000.000000000000000,0,900,900,22.263286999182338,119.359873544591010,27228.000000000000000,10,3,187,3
,14211500,556,5629,56290000.000000000000000,0,900,900,33.281044590513410,137.414389367723370,187339.000000000000000,10,3,187,6
,14211550,557,6856,68560000.000000000000000,0,900,900,161.572199533255540,229.903738626847830,1107739.000000000000000,11,80,9,80
,06710150,558,2911,29110000.000000000000000,0,900,900,23.991755410511853,142.526616511917640,69840.000000000000000,9,0,80,0
,07103990,559,5154,51540000.000000000000000,0,900,900,29.993403181994566,154.014369567633250,154586.000000000000000,9,0,7,0
,07104500,560,2295,22950000.000000000000000,0,900,900,66.475381263616555,221.975446991599570,152561.000000000000000,10,0,187,0
,07105600,561,13465,134650000.000000000000000,0,900,900,43.954623096917935,190.180074783772740,591849.000000000000000,10,0,187,0
,08053009,562,3543,35430000.000000000000000,0,900,900,154.322043465989280,339.058701623480540,546763.000000000000000,4,0,80,0
,08056500,563,1640,16400000.000000000000000,0,900,900,196.000000000000000,233.463048729239430,321440.000000000000000,11,187,3,80
,08057200,564,17290,172900000.000000000000000,0,900,900,152.267090803932920,333.011737954767230,2632698.000000000000000,10,0,187,0
,08057445,565,2336,23360000.000000000000000,0,900,900,128.888270547945210,289.661044116840630,301083.000000000000000,10,0,187,11
,08061540,566,31084,310840000.000000000000000,0,900,900,119.697561446403300,304.085762049497650,3720679.000000000000000,10,0,187,0
,08061700,567,8218,82180000.000000000000000,0,900,900,217.546483329277210,379.462382234009060,1787797.000000000000000,11,0,463,0
,08083420,568,3231,32310000.000000000000000,0,900,900,100.261838440111420,236.976680109491780,323946.000000000000000,11,0,9,3
,08155541,569,467,4670000.000000000000000,0,900,900,89.740899357601720,242.830823146187440,41909.000000000000000,10,0,187,9
,08156675,570,1450,14500000.000000000000000,0,900,900,190.911034482758620,361.009083392694270,276821.000000000000000,9,0,7,0
,08156800,571,1854,18540000.000000000000000,0,900,900,144.551240560949310,262.669207427942470,267998.000000000000000,11,0,7,17
,08156910,572,284,2840000.000000000000000,0,900,900,277.313380281690120,400.889535157046570,78757.000000000000000,9,900,3,17
,08157000,573,310,3100000.000000000000000,0,900,900,210.867741935483880,215.455613102749740,65369.000000000000000,6,187,17,187
,08157500,574,473,4730000.000000000000000,0,900,900,293.162790697674440,323.184499715692770,138666.000000000000000,8,0,11,187
,08158030,575,432,4320000.000000000000000,0,900,900,233.296296296296300,328.423648302098290,100784.000000000000000,11,80,7,80
,08158035,576,464,4640000.000000000000000,0,900,900,163.812500000000000,248.007580735691820,76009.000000000000000,11,80,7,80
,08158045,577,385,3850000.000000000000000,0,900,900,117.472727272727270,285.723824350810620,45227.000000000000000,8,0,6,0
,08158200,578,6862,68620000.000000000000000,0,900,900,126.997231127951040,312.182561114818550,871455.000000000000000,9,0,80,0
,08158380,579,1352,13520000.000000000000000,0,900,900,188.440828402366860,353.776595657226490,254772.000000000000000,9,0,3,3
,08158600,580,5250,52500000.000000000000000,0,900,900,108.546476190476180,283.583026948541200,569869.000000000000000,10,0,187,0
,08158970,581,7130,71300000.000000000000000,0,900,900,71.872370266479663,239.168147513386320,512450.000000000000000,9,0,80,0
,08177700,582,5673,56730000.000000000000000,0,900,900,58.867971091133441,216.354810935098980,333958.000000000000000,9,0,7,0
,08181480,583,54188,541880000.000000000000000,0,900,900,45.203402967446664,190.829135973966770,2449482.000000000000000,10,0,187,0
,08329840,584,1112,11120000.000000000000000,0,900,900,27.855215827338128,133.772005147879700,30975.000000000000000,9,0,3,0
,09483000,585,2000,20000000.000000000000000,0,900,900,125.233999999999990,287.315854494665870,250468.000000000000000,10,0,3,0
,10311300,586,7530,75300000.000000000000000,0,900,900,45.474634794156707,188.323772391348910,342424.000000000000000,11,0,463,0
,11023330,587,8134,81340000.000000000000000,0,900,900,49.413818539463975,201.147885234471200,401932.000000000000000,10,0,187,0
,11023340,588,2848,28480000.000000000000000,0,900,900,71.294943820224717,238.755796040587000,203048.000000000000000,9,0,17,0
,11045300,589,1839,18390000.000000000000000,0,900,900,42.250679717237631,172.332732399114580,77699.000000000000000,10,0,187,0
,11047000,590,9222,92220000.000000000000000,0,900,900,53.090219041422685,209.834457512357260,489598.000000000000000,10,0,187,0
,11047500,591,2305,23050000.000000000000000,0,900,900,38.075488069414320,179.717412385574250,87764.000000000000000,9,0,7,0
,11060400,592,3083,30830000.000000000000000,0,900,900,312.883879338306830,356.549008872270750,964621.000000000000000,11,900,7,187
,11101500,593,29998,299980000.000000000000000,0,900,900,166.173978265217670,260.533270823379100,4984887.000000000000000,11,0,9,80
,11102000,594,1649,16490000.000000000000000,0,900,900,208.479078229229830,310.626350867670280,343782.000000000000000,11,80,7,80
,11102300,595,1040,10400000.000000000000000,0,900,900,121.133653846153850,285.926077089387430,125979.000000000000000,11,0,463,0
,11102500,596,1817,18170000.000000000000000,0,900,900,374.046780407264750,411.609388803066510,679643.000000000000000,10,900,463,80
,11120000,597,4951,49510000.000000000000000,0,900,900,25.502322763078165,118.208036595794980,126262.000000000000000,10,0,187,0
,11153650,598,22127,221270000.000000000000000,0,900,900,44.608939304921591,178.718292317404290,987062.000000000000000,11,3,463,3
,11162720,599,2857,28570000.000000000000000,0,900,900,117.331116555827790,273.807618772585040,335215.000000000000000,11,0,463,3
,11166000,600,1654,16540000.000000000000000,0,900,900,59.057436517533255,205.238899261251820,97681.000000000000000,11,0,463,6
,11181040,601,12159,121590000.000000000000000,0,900,900,27.343038078789373,114.598578220341120,332464.000000000000000,11,0,463,0
,11183000,602,13303,133030000.000000000000000,0,900,900,24.543561602646019,137.640165622236960,326503.000000000000000,10,0,187,0
,11183600,603,8499,84990000.000000000000000,0,900,900,45.588304506412520,161.289209983996730,387455.000000000000000,11,0,463,6
,11335655,604,4508,45080000.000000000000000,0,900,900,30.171472937000889,158.592023767064690,136013.000000000000000,9,0,80,0
,11336580,605,10621,106210000.000000000000000,0,900,900,118.112607099143200,295.728449141228620,1254474.000000000000000,11,0,463,0
,11447360,606,8164,81640000.000000000000000,0,900,900,52.722562469377756,188.003392068336150,430427.000000000000000,11,0,463,0
,11465660,607,1440,14400000.000000000000000,0,900,900,22.040277777777778,132.609476952820440,31738.000000000000000,9,0,9,0
,11465680,608,9332,93320000.000000000000000,0,900,900,64.703279039862835,218.422661368060550,603811.000000000000000,10,3,187,3
,11465690,609,872,8720000.000000000000000,0,900,900,125.181192660550470,287.458212702218190,109158.000000000000000,10,0,9,3
,11465700,610,930,9300000.000000000000000,0,900,900,39.143010752688170,138.801513655600700,36403.000000000000000,10,9,187,9
,11465750,611,8395,83950000.000000000000000,0,900,900,42.822751637879691,142.111665887186580,359497.000000000000000,11,3,463,7
,11466065,612,2699,26990000.000000000000000,0,900,900,16.057058169692478,84.037084945759261,43338.000000000000000,9,3,900,3
,11466320,613,17236,172360000.000000000000000,0,900,900,43.560222789510327,164.375691570124450,750804.000000000000000,11,0,463,3
,11466800,614,24377,243770000.000000000000000,0,900,900,21.015506419986053,121.533794597284610,512295.000000000000000,11,3,463,3
,11447293,615,20276,202760000.000000000000000,0,900,900,51.626109686328661,196.356617193011720,1046771.000000000000000,11,0,463,3