Rowid_,GAGE_ID,ZONE_CODE,COUNT,AREA,MIN,MAX,RANGE,MEAN,STD,SUM,VARIETY,MAJORITY,MINORITY,MEDIAN
,06914990,1,2045,20450000.000000000000000,0,900,900,81.119315403422988,250.606035990430510,165889.000000000000000,10,0,17,0
,03255500,2,20211,202110000.000000000000000,0,900,900,306.261342833110690,317.962238382508470,6189848.000000000000000,11,187,7,187
,03271000,3,18038,180380000.000000000000000,0,900,900,112.095243375097010,174.865172963611680,2021974.000000000000000,11,80,6,17
,03271300,4,5182,51820000.000000000000000,0,900,900,252.703203396372060,230.800852438758680,1309508.000000000000000,11,187,7,187
,03337000,5,1104,11040000.000000000000000,0,900,900,502.048007246376810,266.778935474102980,554261.000000000000000,5,463,80,463
,03337100,6,119,1190000.000000000000000,0,900,900,656.621848739495820,331.601056034157860,78138.000000000000000,4,900,187,900
,03351072,7,4218,42180000.000000000000000,0,900,900,97.084637268847800,146.837698876692880,409503.000000000000000,11,80,7,80
,03351310,8,4622,46220000.000000000000000,0,900,900,287.458675897879690,240.258961511456420,1328634.000000000000000,11,463,3,187
,03353120,9,2129,21290000.000000000000000,0,900,900,453.106622827618590,303.365534671303580,964664.000000000000000,11,463,7,463
,03353160,10,773,7730000.000000000000000,0,900,900,433.410090556274270,172.337183417333020,335026.000000000000000,5,463,80,463
,03353180,11,877,8770000.000000000000000,0,900,900,331.884834663626010,265.939069693410830,291063.000000000000000,10,463,7,187
,03353600,12,6370,63700000.000000000000000,0,900,900,369.800941915227610,297.140046899841930,2355632.000000000000000,11,463,11,463
,03353620,13,3885,38850000.000000000000000,0,900,900,282.686229086229100,300.366413949520560,1098236.000000000000000,11,80,7,187
,03353637,14,4446,44460000.000000000000000,0,900,900,236.773954116059370,208.595700823707660,1052697.000000000000000,11,187,6,187
,04087030,15,8788,87880000.000000000000000,0,900,900,118.199021392808380,198.829682661520220,1038733.000000000000000,11,80,0,17
,04087070,16,5179,51790000.000000000000000,0,900,900,188.296389264336740,266.515888955865760,975187.000000000000000,11,80,7,80
,04087088,17,4689,46890000.000000000000000,0,900,900,289.465344423117930,271.874760496961470,1357303.000000000000000,11,187,9,187
,04087119,18,2769,27690000.000000000000000,0,900,900,439.509931383170790,182.357090166559740,1217003.000000000000000,6,463,17,463
,04087120,19,11154,111540000.000000000000000,0,900,900,290.615653577192060,302.211503186030260,3241527.000000000000000,11,463,7,187
,04087142,20,3907,39070000.000000000000000,0,900,900,509.382390581008450,236.996467262433730,1990157.000000000000000,10,463,7,463
,04087159,21,4809,48090000.000000000000000,0,900,900,461.508213765855710,280.146357615974070,2219393.000000000000000,11,463,3,463
,04087170,22,185317,1853170000.000000000000000,0,900,900,68.937641986434059,169.411193112693210,12775317.000000000000000,11,3,900,9
,04087204,23,6621,66210000.000000000000000,0,900,900,263.352816795046070,295.842818469008760,1743659.000000000000000,11,80,3,80
,04087214,24,3842,38420000.000000000000000,0,900,900,309.416449765747020,230.852059822527250,1188778.000000000000000,7,463,11,187
,04087220,25,8852,88520000.000000000000000,0,900,900,202.148892905558060,221.630521563415500,1789422.000000000000000,11,187,7,187
,04087240,26,36282,362820000.000000000000000,0,900,900,50.604983187255385,139.567936830809600,1836050.000000000000000,11,17,463,11
,04087257,27,9825,98250000.000000000000000,0,900,900,124.187684478371490,240.002968579991380,1220144.000000000000000,11,80,7,17
,04093000,28,32120,321200000.000000000000000,0,900,900,126.362266500622670,217.584084794841290,4058756.000000000000000,11,80,7,17
,04094500,29,19214,192140000.000000000000000,0,900,900,111.284219839700210,188.421163524496420,2138215.000000000000000,11,80,7,80
,04101370,30,9191,91910000.000000000000000,0,900,900,161.152105320422150,225.398196551521410,1481149.000000000000000,11,80,7,80
,04106180,31,3644,36440000.000000000000000,0,900,900,159.246981339187700,196.429570615203430,580296.000000000000000,10,80,6,80
,04106300,32,1416,14160000.000000000000000,0,900,900,260.700564971751420,275.253733790810710,369152.000000000000000,11,80,7,187
,04106500,33,8070,80700000.000000000000000,0,900,900,142.110408921933070,195.708441007895940,1146831.000000000000000,11,80,3,80
,04160800,34,5474,54740000.000000000000000,0,900,900,136.615089514066480,201.323050766048710,747831.000000000000000,11,80,7,80
,04161100,35,4558,45580000.000000000000000,0,900,900,315.425625274243090,348.284943049281990,1437710.000000000000000,11,900,7,187
,04162900,36,6446,64460000.000000000000000,0,900,900,415.109990691901940,278.934972247796850,2675799.000000000000000,6,463,17,463
,04163400,37,4257,42570000.000000000000000,0,900,900,274.272022551092330,216.880047254971630,1167576.000000000000000,9,187,6,187
,04165500,38,168627,1686270000.000000000000000,0,900,900,169.621703523160590,240.201432464385930,28602799.000000000000000,11,80,7,80
,04166000,39,8419,84190000.000000000000000,0,900,900,233.300629528447560,216.955324965400560,1964158.000000000000000,11,187,7,187
,04166100,40,14006,140060000.000000000000000,0,900,900,250.697272597458240,197.250333020278990,3511266.000000000000000,11,187,3,187
,04166300,41,4573,45730000.000000000000000,0,900,900,298.408047233763400,257.304537234901260,1364620.000000000000000,8,187,6,187
,04166500,42,20600,206000000.000000000000000,0,900,900,379.726747572815550,240.250776027164420,7822371.000000000000000,11,463,6,463
,04167000,43,22977,229770000.000000000000000,0,900,900,272.432258345301820,287.484771102391900,6259676.000000000000000,11,463,7,187
,04168000,44,21783,217830000.000000000000000,0,900,900,227.489005187531570,282.913342198131770,4955393.000000000000000,11,463,7,80
,04174518,45,2633,26330000.000000000000000,0,900,900,390.570072161033070,282.695353453667620,1028371.000000000000000,11,463,7,463
,05288705,46,7284,72840000.000000000000000,0,900,900,309.599121361889050,387.005086942512610,2255120.000000000000000,11,0,9,80
,05289800,47,41389,413890000.000000000000000,0,900,900,90.753388581507167,231.869727871623160,3756192.000000000000000,11,0,7,0
,05345000,48,33430,334300000.000000000000000,0,900,900,99.948250074783132,255.936563454874350,3341270.000000000000000,11,0,7,3
,05422600,49,14838,148380000.000000000000000,0,900,900,107.328278743766010,259.238693275653420,1592537.000000000000000,11,0,11,3
,05427948,50,4708,47080000.000000000000000,0,900,900,121.598768054375530,244.306543391221770,572487.000000000000000,11,3,187,11
,054310157,51,1114,11140000.000000000000000,0,900,900,142.263016157989230,260.983693500434980,158481.000000000000000,11,0,9,7
,05435935,52,2770,27700000.000000000000000,0,900,900,184.112996389891690,221.836183446180600,509993.000000000000000,11,463,7,80
,05435943,53,2448,24480000.000000000000000,0,900,900,120.057598039215690,235.235260558269350,293901.000000000000000,11,9,7,11
,05454090,54,2257,22570000.000000000000000,0,900,900,96.273814798404956,210.762599117424510,217290.000000000000000,11,3,11,9
,05484800,55,20185,201850000.000000000000000,0,900,900,104.385930146148130,249.209383251767550,2107030.000000000000000,11,3,7,3
,05527905,56,1398,13980000.000000000000000,0,900,900,105.013590844062950,166.882979958527560,146809.000000000000000,11,0,900,17
,05527950,57,14216,142160000.000000000000000,0,900,900,98.353474957794035,190.084241977441450,1398193.000000000000000,11,0,900,9
,05529000,58,78666,786660000.000000000000000,0,900,900,143.931062975109970,248.371167281996040,11322481.000000000000000,11,0,9,11
,05529500,59,2201,22010000.000000000000000,0,900,900,378.462062698773310,221.993673017309650,832995.000000000000000,7,463,11,463
,05530000,60,3305,33050000.000000000000000,0,900,900,413.194856278366100,178.403522377047270,1365609.000000000000000,8,463,7,463
,05530990,61,7090,70900000.000000000000000,0,900,900,333.100705218617750,274.409964295102100,2361684.000000000000000,11,463,3,187
,05531000,62,504,5040000.000000000000000,0,900,900,465.863095238095240,320.862112356655590,234795.000000000000000,8,463,11,463
,05532000,63,4708,47080000.000000000000000,0,900,900,516.208793542905710,293.741870856244190,2430311.000000000000000,10,463,6,463
,05532500,64,51900,519000000.000000000000000,0,900,900,429.831252408477840,320.976069976058170,22308242.000000000000000,11,463,7,463
,05533000,65,4259,42590000.000000000000000,0,900,900,338.284808640525970,234.806473908853380,1440755.000000000000000,10,463,11,463
,05533400,66,3343,33430000.000000000000000,0,900,900,301.023631468740630,296.073645718823510,1006322.000000000000000,10,463,9,187
,05534500,67,5164,51640000.000000000000000,0,900,900,198.114058869093720,279.599037844309460,1023061.000000000000000,11,80,3,80
,05535000,68,3007,30070000.000000000000000,0,900,900,262.978383771200530,314.947481432761660,790776.000000000000000,11,80,3,80
,05535070,69,2158,21580000.000000000000000,0,900,900,274.806302131603330,246.877528174702580,593032.000000000000000,7,463,11,187
,05535500,70,2992,29920000.000000000000000,0,900,900,325.667446524064190,316.594639581798560,974397.000000000000000,10,187,6,187
,05536000,71,12154,121540000.000000000000000,0,900,900,327.376912950468980,276.378615153350380,3978939.000000000000000,11,463,6,463
,05536105,72,3511,35110000.000000000000000,0,900,900,446.687268584448870,252.545832473129370,1568319.000000000000000,9,463,6,463
,05536118,73,16774,167740000.000000000000000,0,900,900,490.431441516632900,204.656497632581900,8226497.000000000000000,11,463,3,463
,05536215,74,6517,65170000.000000000000000,0,900,900,279.059690041430090,303.097113697126640,1818632.000000000000000,11,463,7,187
,05536235,75,5934,59340000.000000000000000,0,900,900,111.749915739804520,205.383855142785620,663124.000000000000000,11,3,9,11
,05536255,76,6032,60320000.000000000000000,0,900,900,222.033156498673750,272.834975095559570,1339304.000000000000000,11,0,7,80
,05536270,77,4583,45830000.000000000000000,0,900,900,189.426140082915110,260.862003955468140,868140.000000000000000,11,0,6,80
,05536275,78,3778,37780000.000000000000000,0,900,900,191.836421386977240,283.509828573790290,724758.000000000000000,11,0,9,3
,05536290,79,29002,290020000.000000000000000,0,900,900,209.167057444314200,252.258247885351100,6066263.000000000000000,11,463,7,80
,05536340,80,3307,33070000.000000000000000,0,900,900,313.534925914726330,262.740417480719600,1036860.000000000000000,11,463,6,463
,05536500,81,2908,29080000.000000000000000,0,900,900,251.519944979367270,252.129362063013870,731420.000000000000000,10,463,11,187
,05536995,82,85001,850010000.000000000000000,0,900,900,438.004352889966010,299.013814851577760,37230808.000000000000000,11,463,7,463
,05537500,83,5456,54560000.000000000000000,0,900,900,140.616935483870980,175.243892361370400,767206.000000000000000,11,80,6,80
,05537980,84,25380,253800000.000000000000000,0,900,900,231.316824271079580,314.059787955101510,5870821.000000000000000,11,0,7,80
,05539000,85,27804,278040000.000000000000000,0,900,900,160.834556178967060,255.593988668619010,4471844.000000000000000,11,0,9,17
,05539900,86,7177,71770000.000000000000000,0,900,900,302.209836979239240,268.498670417221430,2168960.000000000000000,11,463,6,187
,05540060,87,4871,48710000.000000000000000,0,900,900,228.510162184356400,356.855299861738330,1113073.000000000000000,11,0,7,3
,05540091,88,2061,20610000.000000000000000,0,900,900,211.078602620087340,222.949855727767390,435033.000000000000000,8,463,9,187
,05540095,89,9598,95980000.000000000000000,0,900,900,318.329652010835620,303.221572180983230,3055328.000000000000000,11,463,3,187
,05540130,90,8255,82550000.000000000000000,0,900,900,335.537734706238670,293.425856275324180,2769864.000000000000000,11,463,7,463
,05540160,91,6563,65630000.000000000000000,0,900,900,364.375895169891810,266.632472063532300,2391399.000000000000000,11,463,3,463
,05540195,92,2618,26180000.000000000000000,0,900,900,393.556531703590510,233.842330096664450,1030331.000000000000000,9,463,9,463
,05540250,93,9464,94640000.000000000000000,0,900,900,296.406170752324610,275.754714141120640,2805188.000000000000000,11,463,3,187
,05540275,94,2468,24680000.000000000000000,0,900,900,275.361831442463540,305.779864809741810,679593.000000000000000,11,0,9,187
,05540500,95,29725,297250000.000000000000000,0,900,900,188.039562657695540,276.938264365818040,5589476.000000000000000,11,0,7,17
,05550500,96,9247,92470000.000000000000000,0,900,900,209.567319130528830,266.178068854516710,1937869.000000000000000,11,0,9,80
,05551200,97,13395,133950000.000000000000000,0,900,900,83.293542366554689,157.595055134569010,1115717.000000000000000,11,80,7,17
,05551330,98,7256,72560000.000000000000000,0,900,900,120.081036383682470,223.242223730766880,871308.000000000000000,11,80,7,17
,05551675,99,14745,147450000.000000000000000,0,900,900,67.504510003390976,169.625369420896590,995354.000000000000000,11,3,900,6
,05551700,100,3492,34920000.000000000000000,0,900,900,27.292382588774341,83.208088833711244,95305.000000000000000,11,3,463,6
,05579725,101,6463,64630000.000000000000000,0,900,900,101.771313631440510,236.606182364860440,657748.000000000000000,11,3,7,3
,05580950,102,8829,88290000.000000000000000,0,900,900,327.253143051308200,313.796806827646210,2889318.000000000000000,11,463,7,187
,06892513,103,15073,150730000.000000000000000,0,900,900,143.731440323757710,300.813847861945820,2166464.000000000000000,11,0,463,6
,06893300,104,6881,68810000.000000000000000,0,900,900,278.219154192704540,379.667632723426890,1914426.000000000000000,11,900,7,80
,06893390,105,9874,98740000.000000000000000,0,900,900,200.830565120518540,316.475451044114490,1983001.000000000000000,11,0,7,80
,06893400,106,89,890000.000000000000000,0,900,900,410.134831460674150,428.555902532864540,36502.000000000000000,9,900,7,187
,06893500,107,30884,308840000.000000000000000,0,900,900,53.975132754824507,177.898065650362750,1666968.000000000000000,11,3,463,3
,06893557,108,3396,33960000.000000000000000,0,900,900,163.173144876325100,269.520886576869200,554136.000000000000000,11,80,7,80
,06893560,109,674,6740000.000000000000000,0,900,900,525.770029673590560,410.717049306933120,354369.000000000000000,8,900,7,900
,06893562,110,620,6200000.000000000000000,0,900,900,248.948387096774180,298.096526768749980,154348.000000000000000,11,0,9,187
,06893578,111,13609,136090000.000000000000000,0,900,900,224.712175766037180,334.493875154933110,3058108.000000000000000,11,0,7,17
,06893620,112,2438,24380000.000000000000000,0,900,900,175.378999179655470,290.042470797976020,427574.000000000000000,11,0,3,80
,06893970,113,2173,21730000.000000000000000,0,900,900,168.196502531063030,266.241038205892150,365491.000000000000000,11,80,7,17
,07164600,114,3020,30200000.000000000000000,0,900,900,390.057615894039710,215.360012748431960,1177974.000000000000000,7,463,7,463
,07165562,115,4652,46520000.000000000000000,0,900,900,299.358770421324150,274.190276760864090,1392617.000000000000000,11,463,7,187
,07165565,116,1424,14240000.000000000000000,0,900,900,328.897471910112360,232.355242224302690,468350.000000000000000,10,463,6,187
,07177800,117,2165,21650000.000000000000000,0,900,900,436.930715935334890,244.715625702564860,945955.000000000000000,11,463,11,463
,04168580,118,2750,27500000.000000000000000,0,900,900,323.075636363636360,322.647538777441300,888458.000000000000000,11,80,6,187
,01451500,119,21227,212270000.000000000000000,0,900,900,106.140340132849670,190.705359091660000,2253041.000000000000000,11,80,7,17
,01451650,120,4174,41740000.000000000000000,0,900,900,259.711547676090110,259.806156179080230,1084036.000000000000000,11,187,7,187
,01537500,121,4456,44560000.000000000000000,0,900,900,123.243491921005390,259.659257805509580,549173.000000000000000,11,0,9,6
,01569800,122,5970,59700000.000000000000000,0,900,900,149.197822445561140,245.557056987707630,890711.000000000000000,11,80,6,17
,01616000,123,4471,44710000.000000000000000,0,900,900,205.758890628494750,252.609192586003670,919948.000000000000000,11,187,7,80
,02423397,124,4391,43910000.000000000000000,0,900,900,137.367797768162150,194.135049504919350,603182.000000000000000,11,80,9,80
,02423630,125,18633,186330000.000000000000000,0,900,900,158.252025975419940,247.434387509612860,2948710.000000000000000,11,80,6,80
,02457000,126,5722,57220000.000000000000000,0,900,900,239.879587556798330,207.356792926699940,1372591.000000000000000,11,187,3,187
,02457595,127,7850,78500000.000000000000000,0,900,900,155.671974522293000,240.062680332570550,1222025.000000000000000,11,80,11,80
,02458300,128,6552,65520000.000000000000000,0,900,900,388.330738705738720,311.662219192480510,2544343.000000000000000,11,463,9,463
,02458450,129,1915,19150000.000000000000000,0,900,900,459.615143603133160,347.462956577600890,880163.000000000000000,8,900,11,463
,02458600,130,4925,49250000.000000000000000,0,900,900,199.728324873096450,248.876864952051080,983662.000000000000000,11,80,7,80
,02461500,131,13656,136560000.000000000000000,0,900,900,362.569786174575260,302.548146407128000,4951253.000000000000000,11,463,7,463
,02462000,132,24767,247670000.000000000000000,0,900,900,62.660556385512983,141.795854422725030,1551914.000000000000000,11,80,900,11
,03049658,133,4492,44920000.000000000000000,0,900,900,148.748441674087270,170.224660191949740,668178.000000000000000,11,80,3,80
,03049676,134,2210,22100000.000000000000000,0,900,900,122.010859728506790,159.733306776736470,269644.000000000000000,8,80,9,80
,03049807,135,15395,153950000.000000000000000,0,900,900,140.212146800909380,169.021129824897090,2158566.000000000000000,11,80,9,80
,03084000,136,1135,11350000.000000000000000,0,900,900,258.036123348017610,207.542082180266450,292871.000000000000000,10,463,6,187
,03084698,137,30305,303050000.000000000000000,0,900,900,142.352450090744100,199.119860820376000,4313991.000000000000000,11,80,6,80
,03084800,138,4003,40030000.000000000000000,0,900,900,297.545091181613770,233.493313196074150,1191073.000000000000000,10,463,6,187
,03085049,139,1587,15870000.000000000000000,0,900,900,391.645872715815980,231.828423100075500,621542.000000000000000,5,463,80,463
,03085213,140,4667,46670000.000000000000000,0,900,900,384.867152346260980,187.968269137024040,1796175.000000000000000,8,463,9,463
,03085956,141,6713,67130000.000000000000000,0,900,900,203.939371368985550,320.257430882525400,1369045.000000000000000,11,0,7,80
,03491544,142,1247,12470000.000000000000000,0,900,900,179.160384923817160,227.243970021205600,223413.000000000000000,9,80,9,80
,03535400,143,22498,224980000.000000000000000,0,900,900,133.926171215219140,164.846299183356790,3013071.000000000000000,11,80,7,80
,03538250,144,5045,50450000.000000000000000,0,900,900,186.553815659068390,277.711640252303940,941164.000000000000000,11,0,7,80
,06918493,145,3978,39780000.000000000000000,0,900,900,136.697838109602830,308.672918375280630,543784.000000000000000,11,3,463,3
,07019072,146,1007,10070000.000000000000000,0,900,900,152.276067527308840,323.944643923832810,153342.000000000000000,11,0,187,3
,07019150,147,1320,13200000.000000000000000,0,900,900,148.453030303030290,286.831326592929320,195958.000000000000000,11,80,463,17
,07019175,148,1322,13220000.000000000000000,0,900,900,122.464447806354000,263.330476991827710,161898.000000000000000,11,80,463,11
,07019185,149,3003,30030000.000000000000000,0,900,900,145.109557109557100,297.396980517986720,435764.000000000000000,11,0,463,11
,07019195,150,653,6530000.000000000000000,0,900,900,256.241960183767220,392.243232056157470,167326.000000000000000,11,3,463,7
,07019220,151,1115,11150000.000000000000000,0,900,900,219.195515695067260,353.379169037927110,244403.000000000000000,11,900,463,11
,07048480,152,223,2230000.000000000000000,0,900,900,423.278026905829620,335.163749299558620,94391.000000000000000,8,463,9,463
,07048490,153,343,3430000.000000000000000,0,900,900,367.460641399416890,277.603116757373360,126039.000000000000000,6,463,17,463
,07052000,154,5031,50310000.000000000000000,0,900,900,396.703637447823500,404.920937269197450,1995816.000000000000000,11,900,7,187
,07052100,155,4112,41120000.000000000000000,0,900,900,196.827334630350210,336.576021344166120,809354.000000000000000,11,0,9,11
,07052120,156,2733,27330000.000000000000000,0,900,900,325.172703988291230,393.067013018024280,888697.000000000000000,11,900,7,80
,07052152,157,1205,12050000.000000000000000,0,900,900,99.542738589211623,261.447183798471200,119949.000000000000000,11,0,9,0
,07195000,158,33596,335960000.000000000000000,0,900,900,92.511489463031310,189.428825502073440,3108016.000000000000000,11,80,900,11
,07263580,159,4987,49870000.000000000000000,0,900,900,286.401644275115300,254.578665392789020,1428285.000000000000000,11,463,9,187
,010965852,160,12334,123340000.000000000000000,0,900,900,132.779390303226850,174.505807044215570,1637701.000000000000000,11,80,3,80
,01097300,161,3090,30900000.000000000000000,0,900,900,107.296763754045300,195.867137508745340,331547.000000000000000,11,80,7,80
,01097380,162,9144,91440000.000000000000000,0,900,900,116.628171478565180,168.879791077971420,1066448.000000000000000,11,80,3,80
,01100600,163,9655,96550000.000000000000000,0,900,900,253.203210771620920,292.517610388524020,2444677.000000000000000,11,187,7,187
,01100627,164,9735,97350000.000000000000000,0,900,900,209.739702105803810,246.945165537297070,2041816.000000000000000,11,187,7,187
,01102500,165,5953,59530000.000000000000000,0,900,900,371.587938854359150,292.585344487446150,2212063.000000000000000,7,463,11,463
,01103025,166,2161,21610000.000000000000000,0,900,900,407.853308653401200,250.398137853427730,881371.000000000000000,6,463,17,463
,01103280,167,16950,169500000.000000000000000,0,900,900,155.297581120943960,219.695221039378420,2632294.000000000000000,11,80,7,80
,01103500,168,30423,304230000.000000000000000,0,900,900,112.052033001347670,165.333693506353310,3408959.000000000000000,11,80,3,80
,01104200,169,7515,75150000.000000000000000,0,900,900,255.711909514304720,274.989678699215180,1921675.000000000000000,11,463,3,187
,01105600,170,1269,12690000.000000000000000,0,900,900,262.769897557131570,287.504486291219730,333455.000000000000000,10,463,6,187
,01105638,171,3812,38120000.000000000000000,0,900,900,124.654512067156350,204.554428365157970,475183.000000000000000,11,0,3,80
,01105730,172,7942,79420000.000000000000000,0,900,900,151.251951649458560,189.439207005672360,1201243.000000000000000,11,80,7,80
,01105933,173,6829,68290000.000000000000000,0,900,900,135.914043051691320,236.997304092696850,928157.000000000000000,11,0,7,80
,01106500,174,10473,104730000.000000000000000,0,900,900,247.352525541869570,253.945383222929560,2590523.000000000000000,11,80,7,187
,01108320,175,5807,58070000.000000000000000,0,900,900,106.676597210263480,139.762964881982160,619471.000000000000000,11,80,7,80
,01108410,176,6667,66670000.000000000000000,0,900,900,103.668966551672410,168.758401247100470,691161.000000000000000,9,80,9,80
,01108500,177,5182,51820000.000000000000000,0,900,900,105.399845619451950,192.244077459842800,546182.000000000000000,11,0,3,80
,01109000,178,6110,61100000.000000000000000,0,900,900,130.957774140752860,201.762151582215320,800152.000000000000000,11,80,3,80
,01109060,179,10504,105040000.000000000000000,0,900,900,144.680312261995430,216.507183878589360,1519722.000000000000000,11,80,3,80
,01110000,180,6612,66120000.000000000000000,0,900,900,223.559134906231090,252.992654247477820,1478173.000000000000000,11,463,7,80
,01114000,181,6040,60400000.000000000000000,0,900,900,295.294370860927130,289.628410771334190,1783578.000000000000000,11,463,6,187
,01116905,182,4084,40840000.000000000000000,0,900,900,122.031586679725760,211.629289447691380,498377.000000000000000,11,80,3,80
,01117000,183,1890,18900000.000000000000000,0,900,900,215.858730158730170,258.701173120743480,407973.000000000000000,8,80,9,80
,01189000,184,11648,116480000.000000000000000,0,900,900,146.963255494505490,190.086288937088480,1711828.000000000000000,11,80,6,80
,01195490,185,4776,47760000.000000000000000,0,900,900,220.640284757118930,227.434581133556520,1053778.000000000000000,11,80,7,187
,01196500,186,23813,238130000.000000000000000,0,900,900,172.463486330995660,221.191735936464230,4106873.000000000000000,11,80,9,80
,01201487,187,15546,155460000.000000000000000,0,900,900,186.658368712208930,222.921352231233040,2901791.000000000000000,11,80,7,80
,01300000,188,2427,24270000.000000000000000,0,900,900,193.566543057272360,259.207772144688420,469786.000000000000000,11,80,7,80
,01300500,189,1170,11700000.000000000000000,0,900,900,233.162393162393160,208.944852547839960,272800.000000000000000,8,80,9,187
,01301000,190,5781,57810000.000000000000000,0,900,900,243.493167272098250,251.786807847714810,1407634.000000000000000,11,80,7,187
,01356190,191,4078,40780000.000000000000000,0,900,900,193.217508582638540,209.203305584908430,787941.000000000000000,8,80,9,80
,01376500,192,6246,62460000.000000000000000,0,900,900,267.184438040345810,276.497516526701360,1668834.000000000000000,11,463,3,187
,01377370,193,3542,35420000.000000000000000,0,900,900,290.089779785431970,206.249860428081550,1027498.000000000000000,9,463,6,187
,01391000,194,4243,42430000.000000000000000,0,900,900,220.665095451331610,181.047047075953540,936282.000000000000000,11,187,3,187
,01391500,195,10430,104300000.000000000000000,0,900,900,247.255417066155330,208.141668872637890,2578874.000000000000000,7,187,11,187
,03098500,196,17451,174510000.000000000000000,0,900,900,126.241533436479290,190.635206499964540,2203041.000000000000000,11,80,3,80
,03098700,197,3267,32670000.000000000000000,0,900,900,124.774410774410770,159.591141156715540,407638.000000000000000,11,80,3,80
,03115973,198,903,9030000.000000000000000,0,900,900,264.192691029900350,264.247091638452500,238566.000000000000000,7,187,17,187
,03118500,199,45392,453920000.000000000000000,0,900,900,167.791152626013400,244.740049707620560,7616376.000000000000000,11,80,6,80
,03130500,200,1215,12150000.000000000000000,0,900,900,244.073251028806600,280.780001868191450,296549.000000000000000,9,80,7,80
,04206043,201,6700,67000000.000000000000000,0,900,900,195.674626865671660,236.730448352339290,1311020.000000000000000,11,80,7,80
,04207200,202,22240,222400000.000000000000000,0,900,900,179.033947841726620,251.213002874794230,3981715.000000000000000,11,80,7,80
,04208460,203,4681,46810000.000000000000000,0,900,900,385.980132450331100,256.979531540774700,1806773.000000000000000,11,463,9,463
,04216200,204,3958,39580000.000000000000000,0,900,900,376.057099545224840,271.239983454564200,1488434.000000000000000,11,463,7,463
,04240100,205,2598,25980000.000000000000000,0,900,900,155.167051578137030,168.727216406938420,403124.000000000000000,11,80,6,80
,04240120,206,7583,75830000.000000000000000,0,900,900,333.831333245417400,342.942363612340220,2531443.000000000000000,11,463,6,187
,04282813,207,1778,17780000.000000000000000,0,900,900,235.101237345331840,284.072985458113180,418010.000000000000000,11,80,7,80
,04292770,208,339,3390000.000000000000000,0,900,900,151.542772861356920,242.046340731145510,51373.000000000000000,11,9,3,9
,01302500,209,3051,30510000.000000000000000,0,900,900,197.466404457554890,212.146308352614030,602470.000000000000000,11,80,7,80
,01303500,210,1908,19080000.000000000000000,0,900,900,135.706498951781980,154.325701822084450,258928.000000000000000,7,80,17,80
,01304000,211,5792,57920000.000000000000000,0,900,900,283.687672651933720,240.087339511880200,1643119.000000000000000,6,187,17,187
,01305000,212,19014,190140000.000000000000000,0,900,900,204.623961291679820,200.253314298718950,3890720.000000000000000,11,80,7,187
,01305500,213,2132,21320000.000000000000000,0,900,900,253.570356472795510,231.044376607150100,540612.000000000000000,11,80,9,187
,01306000,214,3627,36270000.000000000000000,0,900,900,287.468431210366700,249.095775915798920,1042648.000000000000000,9,187,9,187
,01306440,215,4136,41360000.000000000000000,0,900,900,306.172388781431320,221.470071945627150,1266329.000000000000000,7,463,11,187
,01306460,216,1391,13910000.000000000000000,0,900,900,306.563623292595250,284.851941209357850,426430.000000000000000,6,463,17,187
,01306500,217,1654,16540000.000000000000000,0,900,900,225.329504232164450,312.508994231091830,372695.000000000000000,8,0,11,0
,01307000,218,1403,14030000.000000000000000,0,900,900,387.331432644333570,277.926682471335820,543426.000000000000000,11,463,7,463
,01307500,219,1118,11180000.000000000000000,0,900,900,436.982110912343440,240.492468877836790,488546.000000000000000,6,463,17,463
,01308000,220,5830,58300000.000000000000000,0,900,900,294.346140651801020,265.743989276775440,1716038.000000000000000,11,463,7,187
,01308500,221,9401,94010000.000000000000000,0,900,900,265.863844271885970,223.095731292155450,2499386.000000000000000,9,463,7,187
,01309000,222,993,9930000.000000000000000,0,900,900,313.406847935548850,328.179739200926240,311213.000000000000000,11,463,7,187
,01309500,223,9426,94260000.000000000000000,0,900,900,350.661362189688080,292.101172831508340,3305334.000000000000000,8,463,6,463
,01309950,224,3785,37850000.000000000000000,0,900,900,452.425627476882430,187.387795270001080,1712431.000000000000000,7,463,11,463
,01310000,225,210,2100000.000000000000000,0,900,900,473.666666666666690,225.390187248550150,99470.000000000000000,5,463,80,463
,01310500,226,7790,77900000.000000000000000,0,900,900,327.138125802310640,283.494715256767390,2548406.000000000000000,11,463,7,187
,01311000,227,2634,26340000.000000000000000,0,900,900,406.022399392558840,242.071123604681650,1069463.000000000000000,10,463,7,463
,01311500,228,1812,18120000.000000000000000,0,900,900,441.065673289183220,152.383410332011640,799211.000000000000000,5,463,80,463
,01311810,229,3359,33590000.000000000000000,0,900,900,466.732658529324230,189.461751450484400,1567755.000000000000000,10,463,9,463
,01405500,230,24584,245840000.000000000000000,0,900,900,123.043361535958340,179.442157673612060,3024898.000000000000000,11,80,7,80
,01406050,231,4053,40530000.000000000000000,0,900,900,149.503084135208500,185.706673198962560,605936.000000000000000,11,80,7,80
,01407290,232,1695,16950000.000000000000000,0,900,900,99.393510324483771,165.906595836196060,168472.000000000000000,11,80,7,80
,01407760,233,1635,16350000.000000000000000,0,900,900,207.264220183486230,203.833174962314640,338877.000000000000000,11,80,7,187
,01408120,234,9158,91580000.000000000000000,0,900,900,144.216095217296360,179.679017070214120,1320731.000000000000000,11,80,3,80
,01467081,235,2326,23260000.000000000000000,0,900,900,381.622098022356000,296.068729402032830,887653.000000000000000,11,463,9,463
,01467150,236,4699,46990000.000000000000000,0,900,900,264.673760374547780,250.083098713001870,1243702.000000000000000,11,463,3,187
,01475000,237,1563,15630000.000000000000000,0,900,900,240.323736404350600,186.962363231528460,375626.000000000000000,6,463,900,187
,02233200,238,6861,68610000.000000000000000,0,900,900,212.895350531992420,223.172600794049740,1460675.000000000000000,11,463,7,80
,02233475,239,12039,120390000.000000000000000,0,900,900,228.786693246947410,229.778004261686140,2754363.000000000000000,11,80,7,80
,02234308,240,5918,59180000.000000000000000,0,900,900,299.877323420074330,271.438016831740640,1774674.000000000000000,11,463,6,187
,02234324,241,2608,26080000.000000000000000,0,900,900,306.060966257668720,221.993798711925730,798207.000000000000000,8,463,3,463
,02234344,242,6229,62290000.000000000000000,0,900,900,223.116712152833510,227.945471390590940,1389794.000000000000000,11,80,7,187
,02234384,243,4642,46420000.000000000000000,0,900,900,260.153813011632910,253.986803716640200,1207634.000000000000000,11,463,7,187
,02234400,244,4270,42700000.000000000000000,0,900,900,261.737939110070270,234.419280362321730,1117621.000000000000000,11,463,3,187
,02234990,245,10778,107780000.000000000000000,0,900,900,328.744665058452430,273.379154507011260,3543210.000000000000000,11,463,9,187
,02235000,246,33857,338570000.000000000000000,0,900,900,122.031042325073100,192.179962312924740,4131605.000000000000000,11,0,7,17
,02240954,247,9468,94680000.000000000000000,0,900,900,214.534854245880870,192.250277369138420,2031216.000000000000000,11,187,3,187
,02246459,248,5610,56100000.000000000000000,0,900,900,265.375222816399290,283.483274728819420,1488755.000000000000000,11,80,7,187
,02246828,249,6382,63820000.000000000000000,0,900,900,154.996709495455970,266.226786418618300,989189.000000000000000,11,0,7,17
,02262900,250,21007,210070000.000000000000000,0,900,900,230.953539296424990,312.403566434135090,4851641.000000000000000,11,0,7,17
,02263800,251,27085,270850000.000000000000000,0,900,900,252.563965294443420,300.740360852595870,6840695.000000000000000,11,0,7,80
,02264000,252,6923,69230000.000000000000000,0,900,900,90.685974288603205,145.069643283138990,627819.000000000000000,11,0,6,80
,02264100,253,4216,42160000.000000000000000,0,900,900,129.752846299810240,298.946533675576180,547038.000000000000000,11,0,6,0
,02293055,254,19079,190790000.000000000000000,0,900,900,64.508150322343937,132.050907756246200,1230751.000000000000000,11,80,7,17
,02293190,255,1290,12900000.000000000000000,0,900,900,296.393798449612400,250.548752702783620,382348.000000000000000,8,463,9,187
,02299861,256,1403,14030000.000000000000000,0,900,900,330.952957947255870,274.124193276392530,464327.000000000000000,10,463,9,187
,02301738,257,761,7610000.000000000000000,0,900,900,166.243101182654410,267.161096125338820,126511.000000000000000,11,80,463,80
,02301750,258,3593,35930000.000000000000000,0,900,900,313.065126635123870,306.288295746719310,1124843.000000000000000,10,463,3,187
,02303205,259,5731,57310000.000000000000000,0,900,900,174.750828825684860,230.341226166189560,1001497.000000000000000,11,80,7,80
,02303300,260,9427,94270000.000000000000000,0,900,900,128.668823591810760,171.651991794353110,1212961.000000000000000,11,80,3,80
,02303350,261,4222,42220000.000000000000000,0,900,900,112.816200852676460,205.157706072508030,476310.000000000000000,11,0,6,17
,02306500,262,1362,13620000.000000000000000,0,900,900,333.101321585903070,263.770939788043220,453684.000000000000000,10,463,7,463
,02306647,263,2835,28350000.000000000000000,0,900,900,383.922751322751310,305.950501513818720,1088421.000000000000000,10,463,6,463
,02306950,264,4197,41970000.000000000000000,0,900,900,231.558494162497030,208.663085550149020,971851.000000000000000,11,463,3,187
,02307000,265,6514,65140000.000000000000000,0,900,900,162.619588578446410,194.478008880325830,1059304.000000000000000,11,80,7,80
,02307668,266,767,7670000.000000000000000,0,900,900,444.898305084745740,307.303798543841760,341237.000000000000000,9,463,3,463
,02307671,267,442,4420000.000000000000000,0,900,900,396.522624434389120,277.328008229908960,175263.000000000000000,9,463,7,463
,02307697,268,955,9550000.000000000000000,0,900,900,314.874345549738220,245.089719487361780,300705.000000000000000,11,463,7,463
,02308935,269,675,6750000.000000000000000,0,900,900,480.170370370370390,235.082577792026740,324115.000000000000000,5,463,80,463
,02309415,270,116,1160000.000000000000000,0,900,900,450.206896551724130,285.590601520035140,52224.000000000000000,4,187,0,463
,02309421,271,686,6860000.000000000000000,0,900,900,441.960641399416890,241.217780027380830,303185.000000000000000,7,463,11,463
,02309848,272,2355,23550000.000000000000000,0,900,900,105.018259023354560,208.692187122496560,247318.000000000000000,11,80,463,80
,02310525,273,8484,84840000.000000000000000,0,900,900,200.111975483262630,198.358839210147470,1697750.000000000000000,11,187,3,187
,08068325,274,10547,105470000.000000000000000,0,900,900,81.174931260073961,174.592895815263600,856152.000000000000000,11,80,3,17
,08069000,275,72679,726790000.000000000000000,0,900,900,80.618390456665608,175.876863700330630,5859264.000000000000000,11,3,900,9
,08072760,276,4910,49100000.000000000000000,0,900,900,118.481873727087570,199.945944775917780,581746.000000000000000,10,6,0,11
,08074020,277,10435,104350000.000000000000000,0,900,900,334.781217057977980,295.561225303778200,3493442.000000000000000,11,463,7,187
,08074150,278,2259,22590000.000000000000000,0,900,900,480.662682602921620,390.046941570704060,1085817.000000000000000,11,900,7,463
,08074500,279,11952,119520000.000000000000000,0,900,900,406.138052208835350,287.565258034301910,4854162.000000000000000,11,463,7,463
,08074760,280,4223,42230000.000000000000000,0,900,900,363.938432394032700,263.490879390097860,1536912.000000000000000,11,463,6,463
,08075000,281,22203,222030000.000000000000000,0,900,900,429.073908931225500,255.237945201521970,9526728.000000000000000,11,463,7,463
,08075400,282,5040,50400000.000000000000000,0,900,900,264.224404761904740,251.540515212353990,1331691.000000000000000,11,463,9,187
,08075500,283,11172,111720000.000000000000000,0,900,900,244.757787325456490,274.963944609738860,2734434.000000000000000,11,463,9,80
,08075605,284,1294,12940000.000000000000000,0,900,900,395.166151468315320,241.725349782636750,511345.000000000000000,6,463,17,463
,08075730,285,2389,23890000.000000000000000,0,900,900,370.629552113855200,253.830438779003030,885434.000000000000000,11,463,3,463
,08075763,286,2344,23440000.000000000000000,0,900,900,470.613907849829330,242.783590543694800,1103119.000000000000000,6,463,17,463
,08075770,287,2436,24360000.000000000000000,0,900,900,474.855500821018040,333.553254916620010,1156748.000000000000000,7,900,11,463
,08075900,288,8324,83240000.000000000000000,0,900,900,299.756967803940430,273.496067892309840,2495177.000000000000000,11,463,7,187
,08076000,289,7102,71020000.000000000000000,0,900,900,316.872007885102790,373.447833732066390,2250425.000000000000000,11,900,9,80
,08076500,290,7479,74790000.000000000000000,0,900,900,305.060569594865630,258.879367176739890,2281548.000000000000000,11,463,9,187
,08076997,291,8479,84790000.000000000000000,0,900,900,80.213704446279039,201.926433529716010,680132.000000000000000,11,0,11,3
,08077000,292,361,3610000.000000000000000,0,900,900,227.847645429362870,347.313482978194940,82253.000000000000000,11,3,11,11
,08116400,293,2475,24750000.000000000000000,0,900,900,163.134545454545450,233.256739113718000,403758.000000000000000,11,463,9,80
,02300042,294,16747,167470000.000000000000000,0,900,900,98.131187675404547,207.033989854797940,1643403.000000000000000,11,3,7,6
,01393450,295,4575,45750000.000000000000000,0,900,900,441.297704918032760,227.704298000863250,2018937.000000000000000,6,463,17,463
,01393500,296,388,3880000.000000000000000,3,900,897,467.164948453608250,102.480063981523390,181260.000000000000000,5,463,3,463
,01394500,297,6649,66490000.000000000000000,0,900,900,297.304707474808250,227.932662514165630,1976779.000000000000000,10,463,7,187
,01395000,298,4362,43620000.000000000000000,0,900,900,341.471572673085750,238.703243895565460,1489499.000000000000000,10,463,6,463
,01396000,299,5262,52620000.000000000000000,0,900,900,283.532307107563670,200.010566999348640,1491947.000000000000000,7,463,11,187
,01402600,300,160,1600000.000000000000000,0,463,463,372.618749999999980,145.562438144040160,59619.000000000000000,4,463,0,463
,01403400,301,1631,16310000.000000000000000,0,900,900,109.592887798896380,182.456330374881360,178746.000000000000000,10,0,11,80
,01403500,302,1513,15130000.000000000000000,0,900,900,354.772637144745540,225.727247672545590,536771.000000000000000,11,463,3,463
,01403900,303,9293,92930000.000000000000000,0,900,900,324.890132357688570,258.125140723344490,3019204.000000000000000,11,463,11,187
,01405000,304,8443,84430000.000000000000000,0,900,900,174.681866635082320,255.850705491285880,1474839.000000000000000,11,80,9,80
,01465798,305,5471,54710000.000000000000000,0,900,900,340.209102540668990,288.567993533764250,1861284.000000000000000,11,463,3,463
,01467042,306,9828,98280000.000000000000000,0,900,900,283.024928774928750,243.850037003580040,2781569.000000000000000,11,463,6,187
,01467048,307,3126,31260000.000000000000000,0,900,900,367.595329494561720,227.687142303321390,1149103.000000000000000,6,463,11,463
,01467086,308,4184,41840000.000000000000000,0,900,900,324.915391969407270,196.133579447265110,1359446.000000000000000,11,463,7,463
,01467087,309,3521,35210000.000000000000000,0,900,900,454.429707469468890,241.135182684911910,1600047.000000000000000,6,463,17,463
,01473120,310,13806,138060000.000000000000000,0,900,900,137.381283499927580,176.118719039109660,1896686.000000000000000,11,80,7,80
,01473169,311,5420,54200000.000000000000000,0,900,900,186.812361623616230,263.874883052993200,1012523.000000000000000,11,80,7,80
,01473900,312,10471,104710000.000000000000000,0,900,900,217.753987202750470,220.861967348504520,2280102.000000000000000,11,80,7,187
,01474000,313,6028,60280000.000000000000000,0,900,900,220.644658261446580,211.367603741473940,1330046.000000000000000,11,463,7,187
,01475510,314,9808,98080000.000000000000000,0,900,900,250.371941272430660,195.856453358081470,2455648.000000000000000,11,463,7,187
,01475530,315,1477,14770000.000000000000000,0,900,900,345.615436696005420,186.149457588855540,510474.000000000000000,10,463,6,463
,01475548,316,3604,36040000.000000000000000,0,900,900,376.378468368479450,213.056368196716080,1356468.000000000000000,9,463,6,463
,01475550,317,537,5370000.000000000000000,0,900,900,385.551210428305410,245.523083304238720,207041.000000000000000,5,463,187,463
,01477000,318,15732,157320000.000000000000000,0,900,900,146.636219171116210,182.933543548871400,2306881.000000000000000,11,80,7,80
,01477800,319,1897,18970000.000000000000000,0,900,900,276.936742224565080,206.583045711573790,525349.000000000000000,9,463,6,187
,01478000,320,5402,54020000.000000000000000,0,900,900,171.409663087745290,235.910256444720800,925955.000000000000000,11,80,7,80
,01581500,321,2173,21730000.000000000000000,0,900,900,222.670041417395310,181.690391216293080,483862.000000000000000,8,187,9,187
,01581752,322,656,6560000.000000000000000,0,900,900,284.149390243902420,269.507283488381350,186402.000000000000000,11,187,7,187
,01583600,323,5380,53800000.000000000000000,0,900,900,207.144609665427510,280.542466251675590,1114438.000000000000000,11,80,7,80
,0158397967,324,579,5790000.000000000000000,0,900,900,284.804835924006910,237.508334355935690,164902.000000000000000,5,80,0,187
,01585090,325,699,6990000.000000000000000,0,900,900,370.078683834048660,213.140763874870400,258685.000000000000000,8,463,9,463
,01585095,326,343,3430000.000000000000000,0,900,900,361.227405247813410,161.713747226249500,123901.000000000000000,6,463,900,463
,01585100,327,948,9480000.000000000000000,0,900,900,311.811181434599180,280.421704743069540,295597.000000000000000,10,463,9,187
,01585104,328,602,6020000.000000000000000,0,900,900,112.659468438538210,157.480121569099770,67821.000000000000000,8,80,9,80
,01585200,329,608,6080000.000000000000000,0,900,900,366.425986842105260,209.394862252735150,222787.000000000000000,5,463,0,463
,01585230,330,918,9180000.000000000000000,0,900,900,423.921568627450990,132.146327230799440,389160.000000000000000,6,463,17,463
,01585300,331,1162,11620000.000000000000000,0,900,900,294.045611015490520,243.185292647213060,341681.000000000000000,10,463,7,187
,01585400,332,505,5050000.000000000000000,0,900,900,419.673267326732680,306.189571412547990,211935.000000000000000,5,463,80,463
,01589100,333,650,6500000.000000000000000,0,900,900,376.544615384615380,262.347817296497960,244754.000000000000000,9,463,7,463
,01589197,334,1069,10690000.000000000000000,0,900,900,296.945743685687550,186.881990179987870,317435.000000000000000,7,463,11,187
,01589290,335,874,8740000.000000000000000,0,900,900,368.965675057208220,154.768975872868420,322476.000000000000000,6,463,17,463
,01589300,336,6531,65310000.000000000000000,0,900,900,243.061246363497160,236.444663571571600,1587433.000000000000000,11,463,6,187
,01589305,337,922,9220000.000000000000000,0,900,900,430.722342733188730,248.640592350840170,397126.000000000000000,5,463,80,463
,01589312,338,203,2030000.000000000000000,0,900,900,378.911330049261100,193.421773038670840,76919.000000000000000,5,463,80,463
,01589317,339,125,1250000.000000000000000,0,900,900,408.656000000000010,400.501767366886900,51082.000000000000000,9,900,9,187
,01589330,340,1103,11030000.000000000000000,0,900,900,347.873073436083420,299.623006145519810,383704.000000000000000,6,463,17,187
,01589352,341,5114,51140000.000000000000000,0,900,900,358.999804458349620,246.320768116684320,1835925.000000000000000,10,463,11,463
,01589500,342,1256,12560000.000000000000000,0,900,900,201.693471337579610,295.983741089310000,253327.000000000000000,11,0,6,80
,01593500,343,9812,98120000.000000000000000,0,900,900,211.130860171218930,216.108418980223180,2071616.000000000000000,11,187,9,187
,01594400,344,3094,30940000.000000000000000,0,900,900,275.651583710407240,350.691984886296720,852866.000000000000000,11,900,7,80
,01594500,345,7902,79020000.000000000000000,0,900,900,196.022146292077960,228.984794987924290,1548967.000000000000000,11,80,9,80
,01594526,346,15478,154780000.000000000000000,0,900,900,160.321553172244480,235.779730505708930,2481457.000000000000000,11,80,7,80
,01644371,347,115,1150000.000000000000000,0,463,463,59.286956521739128,69.930619681210530,6818.000000000000000,5,17,463,17
,01644375,348,332,3320000.000000000000000,0,900,900,282.147590361445790,233.116947795769080,93673.000000000000000,6,463,17,187
,01644600,349,13910,139100000.000000000000000,0,900,900,173.836736161035220,222.386368568482740,2418069.000000000000000,11,0,9,80
,01645200,350,969,9690000.000000000000000,0,900,900,319.756449948400420,334.294520045257060,309844.000000000000000,10,463,6,187
,01645704,351,1428,14280000.000000000000000,0,900,900,267.508403361344560,272.764199910679110,382002.000000000000000,7,187,11,187
,01646000,352,13580,135800000.000000000000000,0,900,900,195.467452135493370,193.371118806941520,2654448.000000000000000,10,80,7,187
,01646305,353,540,5400000.000000000000000,0,900,900,322.105555555555550,211.036967901331590,173937.000000000000000,5,463,0,187
,01646550,354,1058,10580000.000000000000000,0,900,900,352.621928166351610,233.287779093854450,373074.000000000000000,5,463,80,463
,01647850,355,710,7100000.000000000000000,0,900,900,384.616901408450700,157.622377214815000,273078.000000000000000,6,463,17,463
,01649190,356,3399,33990000.000000000000000,0,900,900,208.468961459252710,205.100558345575790,708586.000000000000000,6,463,17,187
,01649500,357,15414,154140000.000000000000000,0,900,900,229.332619696379910,288.011146719031270,3534933.000000000000000,11,0,11,80
,01650800,358,1672,16720000.000000000000000,0,900,900,384.150119617224900,214.003442209459910,642299.000000000000000,6,463,17,463
,01651000,359,11110,111100000.000000000000000,0,900,900,246.726282628262820,213.780811018689210,2741129.000000000000000,8,463,11,187
,01651800,360,859,8590000.000000000000000,0,900,900,360.236321303841690,180.339458163951600,309443.000000000000000,7,463,11,463
,01652500,361,3469,34690000.000000000000000,0,900,900,420.984145286826160,175.222917058346300,1460394.000000000000000,7,463,11,463
,01653500,362,4485,44850000.000000000000000,0,900,900,306.374581939799330,255.104298386265010,1374090.000000000000000,9,463,7,187
,01654000,363,6039,60390000.000000000000000,0,900,900,332.399403874813690,240.068766931639460,2007360.000000000000000,9,463,7,187
,01656903,364,1086,10860000.000000000000000,0,900,900,276.848066298342530,192.369881236971080,300657.000000000000000,10,463,6,187
,01657000,365,37164,371640000.000000000000000,0,900,900,119.159670649015170,230.439271254635970,4428450.000000000000000,11,0,7,11
,01673500,366,1515,15150000.000000000000000,0,900,900,185.516831683168310,219.449900791999770,281058.000000000000000,10,80,6,80
,02038000,367,8800,88000000.000000000000000,0,900,900,183.534431818181820,184.411663863746300,1615103.000000000000000,11,80,7,187
,0208675010,368,1562,15620000.000000000000000,0,900,900,273.929577464788740,285.631508550842800,427878.000000000000000,9,80,6,187
,02086849,369,4157,41570000.000000000000000,0,900,900,278.328121241279750,274.195171671676860,1157010.000000000000000,11,463,6,187
,0208732885,370,1790,17900000.000000000000000,0,900,900,393.777094972067060,304.138130244558110,704861.000000000000000,9,463,6,463
,0208735012,371,314,3140000.000000000000000,0,900,900,346.917197452229290,367.821265820232270,108932.000000000000000,8,0,7,187
,02093877,372,1379,13790000.000000000000000,0,900,900,194.805656272661340,308.404279086509290,268637.000000000000000,11,80,9,80
,0209399200,373,4114,41140000.000000000000000,0,900,900,263.826446280991720,279.459544245441460,1085382.000000000000000,11,463,7,187
,02094659,374,1927,19270000.000000000000000,0,900,900,403.384535547483150,298.963013212160210,777322.000000000000000,9,463,6,463
,02094770,375,2133,21330000.000000000000000,0,900,900,394.494608532583240,276.970095406792100,841457.000000000000000,7,463,11,463
,02094775,376,979,9790000.000000000000000,0,900,900,348.242083758937670,274.456888942130150,340929.000000000000000,9,463,6,187
,02095000,377,3847,38470000.000000000000000,0,900,900,325.954510007798260,311.261357561469420,1253947.000000000000000,11,463,7,187
,02095181,378,2485,24850000.000000000000000,0,900,900,349.408853118712270,254.842769694740780,868281.000000000000000,7,463,11,463
,02095271,379,1285,12850000.000000000000000,0,900,900,456.736186770427990,301.674676693656070,586906.000000000000000,6,463,17,463
,02095500,380,5839,58390000.000000000000000,0,900,900,277.426785408460380,263.865812597702590,1619895.000000000000000,11,463,7,187
,0209722970,381,1211,12110000.000000000000000,0,900,900,256.895953757225410,292.018699120418260,311101.000000000000000,11,0,7,187
,02097280,382,3841,38410000.000000000000000,0,900,900,283.493100755011710,229.433954803011630,1088897.000000000000000,11,187,9,187
,0209741955,383,5487,54870000.000000000000000,0,900,900,158.845270639693810,271.353007100205620,871584.000000000000000,11,0,9,17
,02099000,384,3765,37650000.000000000000000,0,900,900,296.432669322709160,398.761295886887640,1116069.000000000000000,11,900,463,17
,02115860,385,47328,473280000.000000000000000,0,900,900,181.705332995267070,221.227662460840920,8599750.000000000000000,11,80,7,80
,0212414900,386,9286,92860000.000000000000000,0,900,900,202.754576782252850,244.330240429144480,1882779.000000000000000,11,80,6,80
,02142654,387,2625,26250000.000000000000000,0,900,900,154.198095238095250,215.687088154047560,404770.000000000000000,11,80,6,80
,0214265808,388,1877,18770000.000000000000000,0,900,900,148.327650506126790,212.733506410174580,278411.000000000000000,11,80,3,80
,0214266000,389,2294,22940000.000000000000000,0,900,900,78.993025283347862,120.632021121229390,181210.000000000000000,11,80,900,80
,02142900,390,4265,42650000.000000000000000,0,900,900,174.650175849941380,269.944268514300060,744883.000000000000000,11,80,6,80
,02142914,391,1422,14220000.000000000000000,0,900,900,167.085794655414900,220.157850820302060,237596.000000000000000,9,80,7,80
,0214291555,392,2648,26480000.000000000000000,0,900,900,102.319108761329300,140.791656504210690,270941.000000000000000,10,80,6,80
,0214295600,393,2721,27210000.000000000000000,0,900,900,221.893054024255780,250.539349023872490,603771.000000000000000,11,80,6,80
,021459367,394,4368,43680000.000000000000000,0,900,900,159.468864468864470,176.863774748037340,696560.000000000000000,11,80,3,80
,02146110,395,1514,15140000.000000000000000,0,900,900,258.378467635402900,277.827401133101200,391185.000000000000000,11,463,6,187
,02146211,396,1490,14900000.000000000000000,0,900,900,286.488590604026850,297.549123242379780,426868.000000000000000,9,80,11,187
,02146300,397,6320,63200000.000000000000000,0,900,900,378.104905063291140,317.672090172672480,2389623.000000000000000,11,463,3,463
,02146315,398,1359,13590000.000000000000000,0,900,900,391.323767476085380,343.206362795139340,531809.000000000000000,9,900,7,187
,02146381,399,7524,75240000.000000000000000,0,900,900,295.946039340776170,366.151599975024910,2226698.000000000000000,11,0,6,80
,02146409,400,3150,31500000.000000000000000,0,900,900,497.542222222222220,312.135410117195760,1567258.000000000000000,7,463,11,463
,0214642825,401,1331,13310000.000000000000000,0,900,900,340.126972201352370,181.514096005264970,452709.000000000000000,7,463,11,463
,0214645022,402,3523,35230000.000000000000000,0,900,900,348.861197842747690,196.524973062234120,1229038.000000000000000,7,463,11,463
,02146470,403,699,6990000.000000000000000,0,900,900,437.836909871244640,184.109787982824460,306048.000000000000000,5,463,0,463
,02146500,404,1916,19160000.000000000000000,0,900,900,334.398225469728630,214.799011694248660,640707.000000000000000,6,463,17,463
,02146507,405,501,5010000.000000000000000,0,900,900,316.936127744511000,209.889106525563730,158785.000000000000000,9,463,9,187
,02146530,406,1640,16400000.000000000000000,0,900,900,390.788414634146360,242.933803063010000,640893.000000000000000,6,463,17,463
,0214655255,407,1897,18970000.000000000000000,0,900,900,291.927253558249840,178.401784199846190,553786.000000000000000,7,463,11,187
,02146562,408,1525,15250000.000000000000000,0,900,900,345.878032786885230,178.454342443981120,527464.000000000000000,6,463,11,463
,02146600,409,6621,66210000.000000000000000,0,900,900,250.119770427427880,231.739137706018600,1656043.000000000000000,11,187,3,187
,02146700,410,1828,18280000.000000000000000,0,900,900,287.387308533916840,177.828861047416070,525344.000000000000000,5,187,900,187
,02146750,411,11981,119810000.000000000000000,0,900,900,244.070111009097730,193.635749620656810,2924204.000000000000000,11,187,7,187
,0214676115,412,698,6980000.000000000000000,0,900,900,195.681948424068760,222.654303703764550,136586.000000000000000,8,80,9,80
,0214678175,413,1829,18290000.000000000000000,0,900,900,273.080918534718420,331.137813480591260,499465.000000000000000,11,0,3,80
,02146800,414,12216,122160000.000000000000000,0,900,900,109.893418467583500,203.309901256246950,1342458.000000000000000,11,80,7,80
,0214685800,415,5441,54410000.000000000000000,0,900,900,94.882558353243894,128.193380183245240,516256.000000000000000,11,80,900,80
,021473428,416,7686,76860000.000000000000000,0,900,900,122.803148581837110,182.519233269032010,943865.000000000000000,11,80,9,80
,02160326,417,21923,219230000.000000000000000,0,900,900,154.968845504721060,203.322223898171390,3397382.000000000000000,11,80,7,80
,02162093,418,1446,14460000.000000000000000,0,900,900,423.992392807745490,313.058438148429730,613093.000000000000000,11,463,6,463
,02164000,419,12519,125190000.000000000000000,0,900,900,248.605799185238420,248.222982543806100,3112296.000000000000000,11,80,7,187
,02164110,420,15847,158470000.000000000000000,0,900,900,196.420836751435620,264.446696054109910,3112681.000000000000000,11,80,7,80
,02197020,421,4559,45590000.000000000000000,0,900,900,97.119105066900630,268.142395019081450,442766.000000000000000,9,0,9,0
,02197338,422,81,810000.000000000000000,0,900,900,322.222222222222230,431.477507532168890,26100.000000000000000,2,0,900,0
,02197339,423,46,460000.000000000000000,0,900,900,58.695652173913047,222.218152661749830,2700.000000000000000,2,0,900,0
,02203603,424,606,6060000.000000000000000,0,900,900,472.483498349834970,293.471914464026160,286325.000000000000000,5,463,0,463
,02203655,425,5359,53590000.000000000000000,0,900,900,356.255271505877940,296.721549726568700,1909172.000000000000000,11,463,3,187
,02203700,426,2757,27570000.000000000000000,0,900,900,380.492927094668120,295.107110087850570,1049019.000000000000000,11,463,7,463
,02204070,427,39058,390580000.000000000000000,0,900,900,243.983178862204940,231.509241952098560,9529495.000000000000000,11,187,9,187
,02205000,428,334,3340000.000000000000000,80,463,383,239.452095808383230,142.958336687797700,79977.000000000000000,3,187,80,187
,02205522,429,1936,19360000.000000000000000,0,900,900,287.255165289256180,260.654979941610010,556126.000000000000000,10,187,6,187
,02206500,430,32889,328890000.000000000000000,0,900,900,269.359573109550300,249.183723647098470,8858967.000000000000000,11,187,7,187
,02207120,431,6930,69300000.000000000000000,0,900,900,203.577633477633470,170.445141984585770,1410793.000000000000000,11,187,6,187
,02207385,432,4462,44620000.000000000000000,0,900,900,140.230165844912590,146.753184719743330,625707.000000000000000,11,80,3,80
,02208050,433,2569,25690000.000000000000000,0,900,900,187.194628260023360,294.122876564267070,480903.000000000000000,11,80,6,80
,02208130,434,1391,13910000.000000000000000,0,900,900,249.368799424874200,270.509174291581190,346872.000000000000000,11,187,3,187
,02208150,435,3981,39810000.000000000000000,0,900,900,68.119316754584275,135.118473347928240,271183.000000000000000,11,17,463,17
,02211375,436,1140,11400000.000000000000000,0,900,900,191.632456140350880,225.386722236768070,218461.000000000000000,9,80,9,80
,02217274,437,438,4380000.000000000000000,0,187,187,68.369863013698634,39.216705105630240,29946.000000000000000,8,80,0,80
,02218565,438,1483,14830000.000000000000000,0,900,900,107.218476062036420,113.329942211176490,159005.000000000000000,11,80,9,80
,02334480,439,2445,24450000.000000000000000,0,900,900,108.894069529652360,162.953463646903710,266246.000000000000000,11,80,7,80
,02334578,440,1309,13090000.000000000000000,0,900,900,159.386554621848750,150.362425422329720,208637.000000000000000,10,80,6,80
,02334620,441,1784,17840000.000000000000000,0,900,900,120.008408071748870,154.572658539178120,214095.000000000000000,10,80,7,80
,02334885,442,12119,121190000.000000000000000,0,900,900,145.715983166927970,228.662016341025430,1765932.000000000000000,11,80,7,80
,02335350,443,2295,22950000.000000000000000,0,900,900,368.387363834422670,317.998863149713660,845449.000000000000000,10,187,7,187
,02335700,444,19072,190720000.000000000000000,0,900,900,139.413433305369130,201.658111340611380,2658893.000000000000000,11,80,7,80
,02335757,445,7703,77030000.000000000000000,0,900,900,281.653251979748180,254.035080247020860,2169575.000000000000000,11,187,7,187
,023358685,446,3308,33080000.000000000000000,0,900,900,248.283555018137860,151.037444232468370,821322.000000000000000,6,187,11,187
,02335870,447,4665,46650000.000000000000000,0,900,900,298.081457663451260,241.888605652919010,1390550.000000000000000,9,187,7,187
,02335910,448,4810,48100000.000000000000000,0,900,900,425.317047817047810,327.480526313821200,2045775.000000000000000,11,463,11,463
,02336030,449,357,3570000.000000000000000,0,900,900,634.481792717086820,296.279824257967960,226510.000000000000000,5,900,80,900
,02336120,450,8742,87420000.000000000000000,0,900,900,385.809997712193990,258.518515499163240,3372751.000000000000000,10,463,7,463
,02336240,451,7137,71370000.000000000000000,0,900,900,361.881602914389820,237.048454094700840,2582749.000000000000000,11,463,3,463
,02336300,452,5891,58910000.000000000000000,0,900,900,446.011882532676960,266.602714086101340,2627456.000000000000000,9,463,11,463
,02336360,453,6798,67980000.000000000000000,0,900,900,352.692409532215380,268.526744492695230,2397603.000000000000000,11,187,7,187
,02336410,454,2839,28390000.000000000000000,0,900,900,205.621697780908760,181.853226201885290,583760.000000000000000,11,80,3,187
,02336526,455,3508,35080000.000000000000000,0,900,900,388.703249714937270,279.097767597117810,1363571.000000000000000,11,463,3,463
,02336635,456,8066,80660000.000000000000000,0,900,900,246.136002975452530,201.576060048603150,1985333.000000000000000,11,187,3,187
,02336728,457,8992,89920000.000000000000000,0,900,900,258.900467081850540,234.116682419955540,2328033.000000000000000,11,80,7,187
,02336968,458,11435,114350000.000000000000000,0,900,900,149.541757761259300,155.754428940986290,1710010.000000000000000,11,80,3,80
,02344350,459,33003,330030000.000000000000000,0,900,900,252.317607490228170,287.111405679971990,8327238.000000000000000,11,80,6,80
,02344478,460,3330,33300000.000000000000000,0,900,900,108.473573573573570,207.637630592290090,361217.000000000000000,11,0,7,17
,02346310,461,2504,25040000.000000000000000,0,900,900,167.035143769968040,230.172834862599270,418256.000000000000000,11,80,3,80
,02378170,462,1376,13760000.000000000000000,0,900,900,134.432412790697670,234.348648463395880,184979.000000000000000,11,80,9,17
,02392950,463,6552,65520000.000000000000000,0,900,900,261.322649572649600,319.137946641239070,1712186.000000000000000,11,0,7,80
,02392975,464,2396,23960000.000000000000000,0,900,900,230.787562604340560,174.660623547301670,552967.000000000000000,10,187,3,187
,02465292,465,2642,26420000.000000000000000,0,900,900,292.218016654049960,249.383836007416760,772040.000000000000000,10,463,7,187
,02485700,466,4506,45060000.000000000000000,0,900,900,141.515978695073240,242.719426055328430,637671.000000000000000,11,3,11,9
,03238140,467,1062,10620000.000000000000000,0,900,900,340.551789077212790,186.721417141177880,361666.000000000000000,5,463,900,463
,03260015,468,1639,16390000.000000000000000,0,900,900,243.873093349603410,217.092023522022460,399708.000000000000000,7,463,11,187
,03260050,469,3070,30700000.000000000000000,0,900,900,315.906840390879490,300.765367529242950,969834.000000000000000,11,463,3,187
,03260100,470,976,9760000.000000000000000,0,900,900,304.968237704918010,385.712269617884430,297649.000000000000000,11,80,3,80
,03277075,471,9559,95590000.000000000000000,0,900,900,211.689298043728430,282.493128657672120,2023538.000000000000000,11,80,6,80
,03284520,472,408,4080000.000000000000000,3,900,897,171.776960784313730,225.570685322888690,70085.000000000000000,10,463,900,11
,03287580,473,558,5580000.000000000000000,0,900,900,33.514336917562723,96.213224462533660,18701.000000000000000,11,3,463,6
,03287600,474,5004,50040000.000000000000000,0,900,900,139.450639488409280,244.545055836595110,697811.000000000000000,11,3,9,17
,03288200,475,5217,52170000.000000000000000,0,900,900,179.414989457542650,269.238644477798460,936008.000000000000000,11,3,9,17
,03288500,476,607,6070000.000000000000000,0,900,900,203.665568369027990,237.835423800708870,123625.000000000000000,10,80,9,80
,03289000,477,5590,55900000.000000000000000,0,900,900,153.973166368515190,222.848751412820770,860710.000000000000000,11,463,6,17
,03289193,478,2557,25570000.000000000000000,0,900,900,374.151349237387540,239.034723242997790,956705.000000000000000,11,463,9,463
,03289200,479,5300,53000000.000000000000000,0,900,900,248.741509433962280,320.807772299133830,1318330.000000000000000,11,463,11,80
,03289300,480,12714,127140000.000000000000000,0,900,900,21.720858895705522,85.983452981276358,276159.000000000000000,11,3,463,6
,03292474,481,1721,17210000.000000000000000,0,900,900,209.400348634514810,212.920727037558950,360378.000000000000000,9,80,9,80
,03292475,482,1035,10350000.000000000000000,0,900,900,236.209661835748790,199.835791292571400,244477.000000000000000,8,80,11,187
,03292480,483,1490,14900000.000000000000000,0,900,900,274.624832214765090,243.385472261992930,409191.000000000000000,10,187,7,187
,03292500,484,4525,45250000.000000000000000,0,900,900,378.101657458563520,234.661244137192940,1710910.000000000000000,10,463,6,463
,03292550,485,1369,13690000.000000000000000,0,900,900,336.473338203067950,194.254115191147750,460632.000000000000000,7,463,11,463
,03293000,486,4883,48830000.000000000000000,0,900,900,333.745033790702450,247.192777843104010,1629677.000000000000000,11,463,6,463
,03293500,487,1684,16840000.000000000000000,0,900,900,273.880047505938250,223.040775446187640,461214.000000000000000,8,463,7,187
,03293510,488,3157,31570000.000000000000000,0,900,900,338.388343363953140,243.166320294643040,1068292.000000000000000,11,463,6,463
,03294550,489,7857,78570000.000000000000000,0,900,900,407.167621229476880,262.083988610069640,3199116.000000000000000,11,463,7,463
,03294570,490,3701,37010000.000000000000000,0,900,900,273.396379356930540,243.495337394812590,1011840.000000000000000,11,463,9,187
,03298135,491,1419,14190000.000000000000000,0,900,900,415.610993657505280,352.499592679155280,589752.000000000000000,11,900,3,463
,03298150,492,1594,15940000.000000000000000,0,900,900,157.841279799247190,185.981422764260460,251599.000000000000000,11,80,7,80
,03298250,493,2926,29260000.000000000000000,0,900,900,143.804853041695140,165.350022876643410,420773.000000000000000,11,80,3,80
,03301900,494,883,8830000.000000000000000,0,900,900,308.228765571913930,172.901800464961750,272166.000000000000000,6,463,0,463
,03302000,495,15802,158020000.000000000000000,0,900,900,302.424756359954420,305.339867307693000,4778916.000000000000000,11,80,7,187
,03302030,496,4773,47730000.000000000000000,0,900,900,132.802011313639210,184.172279214058680,633864.000000000000000,11,80,3,80
,03431060,497,24227,242270000.000000000000000,0,900,900,150.203657076815120,205.030535329618540,3638984.000000000000000,11,80,7,80
,03431300,498,3092,30920000.000000000000000,0,900,900,334.038486416558840,299.318319104253930,1032847.000000000000000,10,80,6,187
,03431700,499,6396,63960000.000000000000000,0,900,900,208.142276422764240,182.220112092087450,1331278.000000000000000,10,187,6,187
,05588720,500,2199,21990000.000000000000000,0,900,900,145.967257844474770,165.287509294470880,320982.000000000000000,11,80,9,80
,06935850,501,1444,14440000.000000000000000,0,900,900,139.352493074792250,308.003664471024760,201225.000000000000000,10,0,187,7
,06935890,502,4289,42890000.000000000000000,0,900,900,137.335509442760550,308.254047423283000,589032.000000000000000,11,0,463,3
,06935955,503,3035,30350000.000000000000000,0,900,900,333.907742998352550,397.089246363594900,1013410.000000000000000,11,900,7,80
,06935980,504,974,9740000.000000000000000,0,900,900,378.958932238193030,420.373485006608350,369106.000000000000000,11,900,3,80
,06935997,505,554,5540000.000000000000000,0,900,900,110.720216606498200,270.247972883436260,61339.000000000000000,11,6,463,9
,06936475,506,10595,105950000.000000000000000,0,900,900,298.222652194431360,385.525778987163960,3159669.000000000000000,11,900,9,80
,07001910,507,300,3000000.000000000000000,0,900,900,160.533333333333330,292.016806974454030,48160.000000000000000,7,0,17,11
,07001985,508,1068,10680000.000000000000000,0,900,900,221.416666666666660,340.972504277886170,236473.000000000000000,11,0,3,80
,07005000,509,6132,61320000.000000000000000,0,900,900,222.244455316373120,323.638909785554230,1362803.000000000000000,11,0,7,80
,07010030,510,514,5140000.000000000000000,0,900,900,147.558365758754860,302.772335361677790,75845.000000000000000,11,0,11,3
,07010035,511,373,3730000.000000000000000,0,900,900,164.281501340482580,328.124116002319450,61277.000000000000000,11,0,9,3
,07010055,512,3164,31640000.000000000000000,0,900,900,112.386219974715540,270.923957566624670,355590.000000000000000,11,0,463,3
,07010061,513,1649,16490000.000000000000000,0,900,900,89.272286234081264,203.535292686550890,147210.000000000000000,11,80,463,17
,07010070,514,491,4910000.000000000000000,0,900,900,119.655804480651720,223.272817833278310,58751.000000000000000,11,0,3,17
,07010075,515,288,2880000.000000000000000,0,900,900,93.291666666666671,220.489697258675140,26868.000000000000000,11,0,7,9
,07010082,516,1485,14850000.000000000000000,0,900,900,248.740067340067330,365.568161336788820,369379.000000000000000,11,0,11,80
,07010086,517,2340,23400000.000000000000000,0,900,900,240.870512820512830,359.000701000068260,563637.000000000000000,11,0,7,80
,07010090,518,948,9480000.000000000000000,0,900,900,223.512658227848110,347.423021932748670,211890.000000000000000,11,0,3,17
,07010094,519,154,1540000.000000000000000,0,900,900,174.564935064935070,344.485140488241600,26883.000000000000000,10,0,6,3
,07010097,520,9863,98630000.000000000000000,0,900,900,398.338639359221300,417.644842822633110,3928814.000000000000000,11,900,9,187
,07010180,521,4726,47260000.000000000000000,0,900,900,231.721963605586130,363.494557026326160,1095118.000000000000000,11,0,7,11
,07010208,522,685,6850000.000000000000000,0,900,900,284.283211678832120,402.649192655206380,194734.000000000000000,11,0,463,17
,07019120,523,2489,24890000.000000000000000,0,900,900,190.831659300924060,302.806179508331580,474980.000000000000000,11,80,9,80
,07019317,524,2067,20670000.000000000000000,0,900,900,254.009192065795840,396.696155489366840,525037.000000000000000,11,0,463,3
,07031692,525,7881,78810000.000000000000000,0,900,900,299.068392335997940,275.256377046010980,2356958.000000000000000,11,463,6,187
,07032200,526,17613,176130000.000000000000000,0,900,900,99.323624595469255,202.277990580337190,1749387.000000000000000,11,80,900,11
,08076180,527,7312,73120000.000000000000000,0,900,900,170.802789934354480,288.995821793496020,1248910.000000000000000,11,80,6,17
,0209553650,528,4599,45990000.000000000000000,0,900,900,96.348988910632741,181.507466509014650,443109.000000000000000,11,80,6,80
,10168000,529,11677,116770000.000000000000000,0,900,900,113.720304872826930,202.113336219778940,1327912.000000000000000,8,0,11,0
,11161300,530,950,9500000.000000000000000,0,900,900,173.426315789473680,198.111181814936460,164755.000000000000000,7,80,11,80
,11162800,531,462,4620000.000000000000000,0,900,900,153.861471861471870,192.881898314488610,71084.000000000000000,7,80,11,80
,12081000,532,6412,64120000.000000000000000,0,900,900,234.154553961322530,263.346023056734110,1501399.000000000000000,11,80,7,80
,12090400,533,1460,14600000.000000000000000,0,900,900,210.186986301369870,198.921826651362920,306873.000000000000000,7,80,11,187
,12090500,534,14961,149610000.000000000000000,0,900,900,177.859434529777420,220.735230389454700,2660955.000000000000000,11,80,6,80
,12091100,535,3480,34800000.000000000000000,0,900,900,447.378160919540220,284.112847065883560,1556876.000000000000000,11,463,3,463
,12091200,536,1223,12230000.000000000000000,0,900,900,420.985282093213410,247.424320854579070,514865.000000000000000,6,463,17,463
,12091290,537,503,5030000.000000000000000,0,900,900,330.101391650099400,194.051764061139750,166041.000000000000000,10,463,7,463
,12091300,538,31,310000.000000000000000,0,463,463,328.580645161290310,177.552495498228010,10186.000000000000000,4,463,80,463
,12091500,539,4202,42020000.000000000000000,0,900,900,384.801047120418840,266.607156569684830,1616934.000000000000000,9,463,6,463
,12102190,540,556,5560000.000000000000000,0,900,900,159.721223021582740,169.163631297923790,88805.000000000000000,6,80,0,80
,12113347,541,732,7320000.000000000000000,0,900,900,325.714480874316960,200.593495522766060,238423.000000000000000,5,463,900,463
,12113349,542,1367,13670000.000000000000000,0,900,900,468.323335771762970,290.460405768802450,640198.000000000000000,6,463,17,463
,12120000,543,3758,37580000.000000000000000,0,900,900,395.006652474720620,275.985955609888210,1484435.000000000000000,7,463,17,463
,12120500,544,1678,16780000.000000000000000,0,900,900,439.274731823599500,195.062849119081930,737103.000000000000000,7,463,11,463
,12124000,545,3398,33980000.000000000000000,0,900,900,129.830782813419660,143.219680554768870,441165.000000000000000,10,80,900,80
,12125200,546,37169,371690000.000000000000000,0,900,900,132.801286017918160,196.940679545596420,4936091.000000000000000,11,0,6,80
,12126000,547,6385,63850000.000000000000000,0,900,900,311.179326546593590,230.537768941559650,1986880.000000000000000,10,463,7,187
,12127100,548,5890,58900000.000000000000000,0,900,900,340.058913412563640,232.283294980144720,2002947.000000000000000,11,463,3,463
,12128000,549,3126,31260000.000000000000000,0,900,900,437.827255278310930,181.305460743138180,1368648.000000000000000,7,463,11,463
,12157000,550,4791,47910000.000000000000000,0,900,900,146.300772281360880,232.031798461357370,700927.000000000000000,11,80,6,80
,14142800,551,2896,28960000.000000000000000,0,900,900,201.369475138121540,227.287654118391660,583166.000000000000000,11,463,3,80
,14206900,552,625,6250000.000000000000000,0,900,900,385.604800000000010,138.164999247132040,241003.000000000000000,5,463,900,463
,14206950,553,7458,74580000.000000000000000,0,900,900,411.088763743630980,229.724504527657190,3065900.000000000000000,11,463,3,463
,14211315,554,1705,17050000.000000000000000,0,900,900,260.702639296187670,200.222099902138180,444498.000000000000000,6,463,17,187
,14211499,555,1223,12230000.000000000000000,0,900,900,83.571545380212598,134.751549003847860,102208.000000000000000,11,80,6,80
,14211500,556,5629,56290000.000000000000000,0,900,900,142.197370758571680,182.709429922890880,800429.000000000000000,11,80,6,80
,14211550,557,6856,68560000.000000000000000,0,900,900,396.321907817969650,204.466317501505100,2717183.000000000000000,11,463,6,463
,06710150,558,2911,29110000.000000000000000,0,900,900,166.359326691858460,222.183516474292670,484272.000000000000000,10,0,6,80
,07103990,559,5154,51540000.000000000000000,0,900,900,178.023670935195950,227.207053652312370,917534.000000000000000,11,463,6,80
,07104500,560,2295,22950000.000000000000000,0,900,900,343.038779956426990,230.064851659009150,787274.000000000000000,6,463,17,463
,07105600,561,13465,134650000.000000000000000,0,900,900,130.867359821760120,232.027688128534980,1762129.000000000000000,11,0,6,9
,08053009,562,3543,35430000.000000000000000,0,900,900,230.617555743720000,341.431943682923870,817078.000000000000000,11,0,7,6
,08056500,563,1640,16400000.000000000000000,0,900,900,387.767073170731690,208.400665086527140,635938.000000000000000,7,463,17,463
,08057200,564,17290,172900000.000000000000000,0,900,900,409.537015615962960,275.980635359976190,7080895.000000000000000,11,463,7,463
,08057445,565,2336,23360000.000000000000000,0,900,900,355.005993150684960,270.982536460971690,829294.000000000000000,11,463,9,463
,08061540,566,31084,310840000.000000000000000,0,900,900,290.705282460429830,304.902356424444690,9036283.000000000000000,11,463,7,187
,08061700,567,8218,82180000.000000000000000,0,900,900,474.267948405938170,281.045168017531810,3897534.000000000000000,8,463,7,463
,08083420,568,3231,32310000.000000000000000,0,900,900,256.603218817703520,265.744313253885880,829085.000000000000000,11,463,7,187
,08155541,569,467,4670000.000000000000000,0,900,900,434.935760171306190,195.959398368653410,203115.000000000000000,5,463,80,463
,08156675,570,1450,14500000.000000000000000,0,900,900,477.017931034482790,262.229606595116820,691676.000000000000000,7,463,17,463
,08156800,571,1854,18540000.000000000000000,0,900,900,407.721682847896430,218.195087520539200,755916.000000000000000,9,463,17,463
,08156910,572,284,2840000.000000000000000,0,900,900,540.549295774647930,260.462672772807760,153516.000000000000000,6,463,17,463
,08157000,573,310,3100000.000000000000000,0,900,900,408.316129032258060,186.487386232220270,126578.000000000000000,5,463,80,463
,08157500,574,473,4730000.000000000000000,0,900,900,452.194503171247330,259.595742421802750,213888.000000000000000,10,463,3,463
,08158030,575,432,4320000.000000000000000,0,900,900,446.145833333333310,264.586119025142810,192735.000000000000000,6,463,17,463
,08158035,576,464,4640000.000000000000000,0,900,900,374.846982758620700,239.447388828440410,173929.000000000000000,6,463,17,463
,08158045,577,385,3850000.000000000000000,0,900,900,467.732467532467520,196.361232480304040,180077.000000000000000,5,463,80,463
,08158200,578,6862,68620000.000000000000000,0,900,900,341.146313028271660,290.647675505665010,2340946.000000000000000,11,463,9,463
,08158380,579,1352,13520000.000000000000000,0,900,900,504.037721893491150,226.938818026697700,681459.000000000000000,5,463,80,463
,08158600,580,5250,52500000.000000000000000,0,900,900,241.422285714285720,299.769631802432570,1267467.000000000000000,11,463,7,80
,08158970,581,7130,71300000.000000000000000,0,900,900,312.325525946704090,247.096768710543470,2226881.000000000000000,11,463,6,187
,08177700,582,5673,56730000.000000000000000,0,900,900,290.908514013749310,240.155817682866770,1650324.000000000000000,11,463,7,187
,08181480,583,54188,541880000.000000000000000,0,900,900,131.773916734332320,226.374404125660390,7140565.000000000000000,11,0,9,11
,08329840,584,1112,11120000.000000000000000,0,900,900,408.481115107913690,150.563066697755520,454231.000000000000000,5,463,80,463
,09483000,585,2000,20000000.000000000000000,0,900,900,371.995000000000000,271.486681026896800,743990.000000000000000,7,463,17,463
,10311300,586,7530,75300000.000000000000000,0,900,900,114.756839309428950,220.820762760146350,864119.000000000000000,11,0,11,6
,11023330,587,8134,81340000.000000000000000,0,900,900,159.491640029505790,235.581150251904860,1297305.000000000000000,11,80,11,80
,11023340,588,2848,28480000.000000000000000,0,900,900,292.202598314606750,269.092173144711010,832193.000000000000000,5,463,80,463
,11045300,589,1839,18390000.000000000000000,0,900,900,120.245241979336600,230.171393212376500,221131.000000000000000,5,0,80,0
,11047000,590,9222,92220000.000000000000000,0,900,900,123.845152895250490,246.070929379432390,1142100.000000000000000,10,0,7,0
,11047500,591,2305,23050000.000000000000000,0,900,900,236.448156182212590,250.089901453386890,545013.000000000000000,7,463,11,187
,11060400,592,3083,30830000.000000000000000,0,900,900,490.286733700940660,280.669731290593230,1511554.000000000000000,7,463,11,463
,11101500,593,29998,299980000.000000000000000,0,900,900,298.588605907060470,276.582130016552130,8957061.000000000000000,11,463,7,463
,11102000,594,1649,16490000.000000000000000,0,900,900,452.666464523953890,254.457878120746440,746447.000000000000000,6,463,17,463
,11102300,595,1040,10400000.000000000000000,0,900,900,283.693269230769200,294.136560959630230,295041.000000000000000,5,463,187,187
,11102500,596,1817,18170000.000000000000000,0,900,900,562.935608145294400,297.653138754727420,1022854.000000000000000,5,463,80,463
,11120000,597,4951,49510000.000000000000000,0,900,900,118.182387396485550,188.369471055069710,585121.000000000000000,11,0,9,11
,11153650,598,22127,221270000.000000000000000,0,900,900,105.480724906223170,206.009722497530190,2333972.000000000000000,11,80,7,17
,11162720,599,2857,28570000.000000000000000,0,900,900,335.198459922996160,285.571611724448930,957662.000000000000000,11,463,7,463
,11166000,600,1654,16540000.000000000000000,0,900,900,123.347037484885120,211.882605926884420,204016.000000000000000,10,0,7,80
,11181040,601,12159,121590000.000000000000000,0,900,900,117.289908709597820,198.563623425981090,1426128.000000000000000,11,3,11,3
,11183000,602,13303,133030000.000000000000000,0,900,900,146.419303916409830,194.329207460409320,1947816.000000000000000,11,0,9,80
,11183600,603,8499,84990000.000000000000000,0,900,900,202.996705494764090,217.085071379854360,1725269.000000000000000,11,463,6,187
,11335655,604,4508,45080000.000000000000000,0,900,900,151.688331854480940,197.846918310078620,683811.000000000000000,11,80,7,80
,11336580,605,10621,106210000.000000000000000,0,900,900,179.495433574992940,310.929282991504070,1906421.000000000000000,11,3,9,3
,11447360,606,8164,81640000.000000000000000,0,900,900,403.472317491425770,177.496600551168540,3293948.000000000000000,10,463,3,463
,11465660,607,1440,14400000.000000000000000,0,900,900,98.899305555555557,197.671754430211280,142415.000000000000000,11,0,11,7
,11465680,608,9332,93320000.000000000000000,0,900,900,151.563651950278600,243.468632144411230,1414392.000000000000000,11,80,9,80
,11465690,609,872,8720000.000000000000000,0,900,900,232.552752293577980,297.471491914097840,202786.000000000000000,8,0,9,80
,11465700,610,930,9300000.000000000000000,0,900,900,115.255913978494620,153.496800752878700,107188.000000000000000,7,80,11,80
,11465750,611,8395,83950000.000000000000000,0,900,900,115.557355568790950,172.666248839148300,970104.000000000000000,11,80,3,80
,11466065,612,2699,26990000.000000000000000,0,900,900,147.535012967765850,186.450123496305370,398197.000000000000000,10,17,6,80
,11466320,613,17236,172360000.000000000000000,0,900,900,140.180784404734280,217.635494973365640,2416156.000000000000000,11,0,6,17
,11466800,614,24377,243770000.000000000000000,0,900,900,64.010091479673463,151.404128805546290,1560374.000000000000000,11,80,900,9
,11447293,615,20276,202760000.000000000000000,0,900,900,165.527618859735640,215.634985355631160,3356238.000000000000000,11,80,6,80