Rowid_,GAGE_ID,ZONE_CODE,COUNT,AREA,MIN,MAX,RANGE,MEAN,STD,SUM,VARIETY,MAJORITY,MINORITY,MEDIAN
,06914990,1,2045,20450000.000000000000000,0,900,900,91.040586797066013,248.796284171907560,186178.000000000000000,11,3,463,3
,03255500,2,20211,202110000.000000000000000,0,900,900,315.918460244421340,314.080495569872030,6385028.000000000000000,11,187,7,187
,03271000,3,18038,180380000.000000000000000,0,900,900,112.095243375097010,174.865172963611680,2021974.000000000000000,11,80,6,17
,03271300,4,5182,51820000.000000000000000,0,900,900,253.069085295252790,230.472723833841680,1311404.000000000000000,11,187,7,187
,03337000,5,1104,11040000.000000000000000,0,900,900,507.236413043478250,262.431911970452060,559989.000000000000000,9,463,11,463
,03337100,6,119,1190000.000000000000000,0,900,900,656.621848739495820,331.601056034157860,78138.000000000000000,4,900,187,900
,03351072,7,4218,42180000.000000000000000,0,900,900,128.692271218587000,144.904774545620310,542824.000000000000000,11,80,6,80
,03351310,8,4622,46220000.000000000000000,0,900,900,304.105581999134590,234.006821824315270,1405576.000000000000000,10,463,6,187
,03353120,9,2129,21290000.000000000000000,0,900,900,461.509159229685280,296.444436500465370,982553.000000000000000,9,463,6,463
,03353160,10,773,7730000.000000000000000,0,900,900,438.795601552393290,161.782733680897710,339189.000000000000000,5,463,0,463
,03353180,11,877,8770000.000000000000000,0,900,900,346.039908779931580,259.941664368742810,303477.000000000000000,9,463,9,463
,03353600,12,6370,63700000.000000000000000,0,900,900,379.672056514913660,289.521988418895940,2418511.000000000000000,11,463,9,463
,03353620,13,3885,38850000.000000000000000,0,900,900,296.121750321750310,295.035221775394230,1150433.000000000000000,11,80,3,187
,03353637,14,4446,44460000.000000000000000,0,900,900,252.076923076923070,206.534496770744110,1120734.000000000000000,10,187,9,187
,04087030,15,8788,87880000.000000000000000,0,900,900,132.160787437414650,197.739758369379930,1161429.000000000000000,11,80,9,80
,04087070,16,5179,51790000.000000000000000,0,900,900,193.178412821007920,263.864407956370540,1000471.000000000000000,11,80,9,80
,04087088,17,4689,46890000.000000000000000,0,900,900,307.708253358925160,266.521105062066340,1442844.000000000000000,11,187,9,187
,04087119,18,2769,27690000.000000000000000,0,900,900,439.509931383170790,182.357090166559740,1217003.000000000000000,6,463,17,463
,04087120,19,11154,111540000.000000000000000,0,900,900,300.967903890980840,298.671748557162120,3356996.000000000000000,11,463,7,187
,04087142,20,3907,39070000.000000000000000,0,900,900,509.382390581008450,236.996467262433730,1990157.000000000000000,10,463,7,463
,04087159,21,4809,48090000.000000000000000,0,900,900,461.508213765855710,280.146357615974070,2219393.000000000000000,11,463,3,463
,04087170,22,185317,1853170000.000000000000000,0,900,900,73.602108818942682,169.118078469108300,13639722.000000000000000,11,17,900,11
,04087204,23,6621,66210000.000000000000000,0,900,900,263.352816795046070,295.842818469008760,1743659.000000000000000,11,80,3,80
,04087214,24,3842,38420000.000000000000000,0,900,900,317.685580426861010,229.523007742296240,1220548.000000000000000,7,463,11,187
,04087220,25,8852,88520000.000000000000000,0,900,900,207.644826028016270,221.221148583891790,1838072.000000000000000,11,80,7,187
,04087240,26,36282,362820000.000000000000000,0,900,900,53.690783308527642,139.465913095453940,1948009.000000000000000,11,17,463,11
,04087257,27,9825,98250000.000000000000000,0,900,900,129.612722646310430,238.508584278472110,1273445.000000000000000,11,80,0,17
,04093000,28,32120,321200000.000000000000000,0,900,900,127.096575342465750,217.300887691490060,4082342.000000000000000,11,80,9,17
,04094500,29,19214,192140000.000000000000000,0,900,900,125.124752784428030,185.977931723478430,2404147.000000000000000,11,80,7,80
,04101370,30,9191,91910000.000000000000000,0,900,900,164.964856925252970,225.794871693779640,1516192.000000000000000,11,80,7,80
,04106180,31,3644,36440000.000000000000000,0,900,900,166.510428100987920,195.177225751819660,606764.000000000000000,8,80,3,80
,04106300,32,1416,14160000.000000000000000,0,900,900,267.563559322033880,270.692275669449490,378870.000000000000000,8,80,3,187
,04106500,33,8070,80700000.000000000000000,0,900,900,151.971995043370500,193.500290792195390,1226414.000000000000000,11,80,7,80
,04160800,34,5474,54740000.000000000000000,0,900,900,151.975703324808190,197.962964620768360,831915.000000000000000,11,80,9,80
,04161100,35,4558,45580000.000000000000000,0,900,900,327.236507240017540,341.881136517044300,1491544.000000000000000,11,900,7,187
,04162900,36,6446,64460000.000000000000000,0,900,900,426.835401799565600,272.865501891407060,2751381.000000000000000,7,463,3,463
,04163400,37,4257,42570000.000000000000000,0,900,900,287.173126614987100,212.846926883368100,1222496.000000000000000,6,187,17,187
,04165500,38,168627,1686270000.000000000000000,0,900,900,181.108683662758640,237.923643716200840,30539814.000000000000000,11,80,7,80
,04166000,39,8419,84190000.000000000000000,0,900,900,247.241715168072200,215.151663170010380,2081528.000000000000000,9,187,9,187
,04166100,40,14006,140060000.000000000000000,0,900,900,266.425103527059830,194.967486485179620,3731550.000000000000000,9,187,6,187
,04166300,41,4573,45730000.000000000000000,0,900,900,315.384211677235950,251.920047756072900,1442252.000000000000000,8,187,11,187
,04166500,42,20600,206000000.000000000000000,0,900,900,384.520679611650510,237.858201740996240,7921126.000000000000000,11,463,6,463
,04167000,43,22977,229770000.000000000000000,0,900,900,276.597771684728230,285.075815215317110,6355387.000000000000000,11,463,9,187
,04168000,44,21783,217830000.000000000000000,0,900,900,229.807969517513670,281.656167436519640,5005907.000000000000000,11,463,7,80
,04174518,45,2633,26330000.000000000000000,0,900,900,402.694644891758460,274.361857036405870,1060295.000000000000000,11,463,7,463
,05288705,46,7284,72840000.000000000000000,0,900,900,325.717600219659520,379.170025228528350,2372527.000000000000000,11,900,11,80
,05289800,47,41389,413890000.000000000000000,0,900,900,104.631278842204450,230.745225841722490,4330584.000000000000000,11,0,11,7
,05345000,48,33430,334300000.000000000000000,0,900,900,124.175261740951240,254.035653395297000,4151179.000000000000000,11,6,17,6
,05422600,49,14838,148380000.000000000000000,0,900,900,112.029181830435360,258.311381746202810,1662289.000000000000000,11,3,463,6
,05427948,50,4708,47080000.000000000000000,0,900,900,133.968988954970260,241.727924406005260,630726.000000000000000,11,17,0,17
,054310157,51,1114,11140000.000000000000000,0,900,900,150.054757630161590,258.813401342258150,167161.000000000000000,11,3,7,17
,05435935,52,2770,27700000.000000000000000,0,900,900,209.401083032490990,211.773456538192930,580041.000000000000000,11,463,0,80
,05435943,53,2448,24480000.000000000000000,0,900,900,143.122549019607850,230.646412635177030,350364.000000000000000,11,80,0,80
,05454090,54,2257,22570000.000000000000000,0,900,900,108.859105006645990,208.814260292391480,245695.000000000000000,11,80,7,17
,05484800,55,20185,201850000.000000000000000,0,900,900,113.437007678969540,248.897354141124820,2289726.000000000000000,11,3,7,7
,05527905,56,1398,13980000.000000000000000,0,900,900,138.202432045779690,166.136915699171600,193207.000000000000000,11,80,7,80
,05527950,57,14216,142160000.000000000000000,0,900,900,113.912703995498030,191.332637456335080,1619383.000000000000000,11,80,9,17
,05529000,58,78666,786660000.000000000000000,0,900,900,158.314748430071430,246.048394183201480,12453988.000000000000000,11,80,9,80
,05529500,59,2201,22010000.000000000000000,0,900,900,378.462062698773310,221.993673017309650,832995.000000000000000,7,463,11,463
,05530000,60,3305,33050000.000000000000000,0,900,900,413.194856278366100,178.403522377047270,1365609.000000000000000,8,463,7,463
,05530990,61,7090,70900000.000000000000000,0,900,900,333.100705218617750,274.409964295102100,2361684.000000000000000,11,463,3,187
,05531000,62,504,5040000.000000000000000,0,900,900,465.863095238095240,320.862112356655590,234795.000000000000000,8,463,11,463
,05532000,63,4708,47080000.000000000000000,0,900,900,528.317757009345770,281.569758713514600,2487320.000000000000000,10,463,7,463
,05532500,64,51900,519000000.000000000000000,0,900,900,438.630231213872830,315.258303574059030,22764909.000000000000000,11,463,7,463
,05533000,65,4259,42590000.000000000000000,0,900,900,357.972059168818990,228.033333406860810,1524603.000000000000000,10,463,11,463
,05533400,66,3343,33430000.000000000000000,0,900,900,336.061322165719390,287.721621549920370,1123453.000000000000000,9,463,7,187
,05534500,67,5164,51640000.000000000000000,0,900,900,220.560611928737420,273.505784971631900,1138975.000000000000000,11,80,6,80
,05535000,68,3007,30070000.000000000000000,0,900,900,284.969404722314610,305.204438009655460,856903.000000000000000,9,80,9,187
,05535070,69,2158,21580000.000000000000000,0,900,900,303.295180722891590,236.511449787085410,654511.000000000000000,6,463,17,187
,05535500,70,2992,29920000.000000000000000,0,900,900,344.085895721925110,306.221311504034870,1029505.000000000000000,9,187,17,187
,05536000,71,12154,121540000.000000000000000,0,900,900,327.592233009708760,276.215451960054390,3981556.000000000000000,11,463,7,463
,05536105,72,3511,35110000.000000000000000,0,900,900,446.687268584448870,252.545832473129370,1568319.000000000000000,9,463,6,463
,05536118,73,16774,167740000.000000000000000,0,900,900,490.431441516632900,204.656497632581900,8226497.000000000000000,11,463,3,463
,05536215,74,6517,65170000.000000000000000,0,900,900,289.813104189044050,297.719127011426560,1888712.000000000000000,11,463,9,187
,05536235,75,5934,59340000.000000000000000,0,900,900,138.735928547354230,204.528433758516260,823259.000000000000000,11,80,11,80
,05536255,76,6032,60320000.000000000000000,0,900,900,223.103945623342180,272.201725711747260,1345763.000000000000000,11,0,7,80
,05536270,77,4583,45830000.000000000000000,0,900,900,192.766964870172390,259.025445368076420,883451.000000000000000,11,0,7,80
,05536275,78,3778,37780000.000000000000000,0,900,900,191.836421386977240,283.509828573790290,724758.000000000000000,11,0,9,3
,05536290,79,29002,290020000.000000000000000,0,900,900,214.633025308599400,249.060789334568540,6224787.000000000000000,11,463,9,80
,05536340,80,3307,33070000.000000000000000,0,900,900,313.607499244027790,262.664841633871790,1037100.000000000000000,11,463,6,463
,05536500,81,2908,29080000.000000000000000,0,900,900,251.519944979367270,252.129362063013870,731420.000000000000000,10,463,11,187
,05536995,82,85001,850010000.000000000000000,0,900,900,438.017070387407220,298.996469610124280,37231889.000000000000000,11,463,7,463
,05537500,83,5456,54560000.000000000000000,0,900,900,158.133980938416410,177.831098951748970,862779.000000000000000,11,80,6,80
,05537980,84,25380,253800000.000000000000000,0,900,900,248.169621749408980,308.280876936994160,6298545.000000000000000,11,80,7,80
,05539000,85,27804,278040000.000000000000000,0,900,900,182.440404258380080,250.690319988835510,5072573.000000000000000,11,80,9,80
,05539900,86,7177,71770000.000000000000000,0,900,900,317.757001532673830,261.767467040855760,2280542.000000000000000,7,463,17,463
,05540060,87,4871,48710000.000000000000000,0,900,900,245.718538287825910,351.025220786785500,1196895.000000000000000,11,3,7,80
,05540091,88,2061,20610000.000000000000000,0,900,900,246.875303250849100,218.588188593513960,508810.000000000000000,7,463,11,187
,05540095,89,9598,95980000.000000000000000,0,900,900,347.115961658678880,292.289758940264620,3331619.000000000000000,11,463,7,463
,05540130,90,8255,82550000.000000000000000,0,900,900,365.312901271956380,280.033205778717560,3015658.000000000000000,11,463,9,463
,05540160,91,6563,65630000.000000000000000,0,900,900,395.079993905226270,250.320042898613370,2592910.000000000000000,10,463,6,463
,05540195,92,2618,26180000.000000000000000,0,900,900,426.664247517188700,212.536888339662170,1117007.000000000000000,7,463,17,463
,05540250,93,9464,94640000.000000000000000,0,900,900,330.386939983093840,265.120527748217630,3126782.000000000000000,10,463,9,463
,05540275,94,2468,24680000.000000000000000,0,900,900,299.647487844408430,300.823850762149790,739530.000000000000000,9,463,7,187
,05540500,95,29725,297250000.000000000000000,0,900,900,213.620117746005040,269.980656714176350,6349858.000000000000000,11,80,9,80
,05550500,96,9247,92470000.000000000000000,0,900,900,209.567319130528830,266.178068854516710,1937869.000000000000000,11,0,9,80
,05551200,97,13395,133950000.000000000000000,0,900,900,104.512877939529670,155.806692122265790,1399950.000000000000000,11,80,9,80
,05551330,98,7256,72560000.000000000000000,0,900,900,141.076488423373750,221.085466964687840,1023651.000000000000000,11,80,9,80
,05551675,99,14745,147450000.000000000000000,0,900,900,86.673380807053235,170.514253602801090,1277999.000000000000000,11,80,11,17
,05551700,100,3492,34920000.000000000000000,0,900,900,49.048109965635739,86.020139889710777,171276.000000000000000,11,80,0,17
,05579725,101,6463,64630000.000000000000000,0,900,900,113.032647377378920,238.419629788948530,730530.000000000000000,11,3,7,3
,05580950,102,8829,88290000.000000000000000,0,900,900,339.391210782648100,306.899682624709500,2996485.000000000000000,11,463,7,463
,06892513,103,15073,150730000.000000000000000,0,900,900,175.727194320971280,291.502792112751710,2648736.000000000000000,11,80,17,80
,06893300,104,6881,68810000.000000000000000,0,900,900,310.962505449789260,362.334437348495440,2139733.000000000000000,11,80,7,80
,06893390,105,9874,98740000.000000000000000,0,900,900,244.481871581932350,300.979460317842780,2414014.000000000000000,11,80,7,80
,06893400,106,89,890000.000000000000000,0,900,900,414.865168539325850,424.252579819379040,36923.000000000000000,10,900,6,187
,06893500,107,30884,308840000.000000000000000,0,900,900,69.702726330786163,177.623613376968790,2152699.000000000000000,11,6,463,6
,06893557,108,3396,33960000.000000000000000,0,900,900,206.244994110718490,254.756122649399120,700408.000000000000000,10,80,6,80
,06893560,109,674,6740000.000000000000000,0,900,900,532.051928783382780,404.389808824904780,358603.000000000000000,7,900,17,900
,06893562,110,620,6200000.000000000000000,0,900,900,263.275806451612880,291.332965027039850,163231.000000000000000,8,80,0,187
,06893578,111,13609,136090000.000000000000000,0,900,900,233.370637078404000,330.836747541573570,3175941.000000000000000,11,80,6,80
,06893620,112,2438,24380000.000000000000000,0,900,900,186.492616899097610,286.952134025774280,454669.000000000000000,11,80,7,80
,06893970,113,2173,21730000.000000000000000,0,900,900,177.070409572020250,263.187782133239010,384774.000000000000000,11,80,6,80
,07164600,114,3020,30200000.000000000000000,0,900,900,407.651655629139100,202.511111249180800,1231108.000000000000000,6,463,17,463
,07165562,115,4652,46520000.000000000000000,0,900,900,316.992906276870140,268.192648689787920,1474651.000000000000000,11,463,7,187
,07165565,116,1424,14240000.000000000000000,0,900,900,344.169943820224720,226.540021257740510,490098.000000000000000,9,463,6,463
,07177800,117,2165,21650000.000000000000000,0,900,900,449.241570438799100,232.640890941273280,972608.000000000000000,9,463,6,463
,04168580,118,2750,27500000.000000000000000,0,900,900,323.075636363636360,322.647538777441300,888458.000000000000000,11,80,6,187
,01451500,119,21227,212270000.000000000000000,0,900,900,112.620718895745980,189.930516115728690,2390600.000000000000000,11,80,7,80
,01451650,120,4174,41740000.000000000000000,0,900,900,271.045999041686630,256.992044928881630,1131346.000000000000000,11,463,7,187
,01537500,121,4456,44560000.000000000000000,0,900,900,123.243491921005390,259.659257805509580,549173.000000000000000,11,0,9,6
,01569800,122,5970,59700000.000000000000000,0,900,900,159.397654941373530,243.263542445796670,951604.000000000000000,11,80,7,80
,01616000,123,4471,44710000.000000000000000,0,900,900,220.847237754417360,252.473364871315620,987408.000000000000000,11,187,7,187
,02423397,124,4391,43910000.000000000000000,0,900,900,146.677977681621480,191.219955633757370,644063.000000000000000,11,80,0,80
,02423630,125,18633,186330000.000000000000000,0,900,900,160.768260612891110,246.968029959562470,2995595.000000000000000,11,80,6,80
,02457000,126,5722,57220000.000000000000000,0,900,900,242.602761272282410,206.597786996415150,1388173.000000000000000,10,187,9,187
,02457595,127,7850,78500000.000000000000000,0,900,900,157.522547770700640,239.485507056949390,1236552.000000000000000,11,80,7,80
,02458300,128,6552,65520000.000000000000000,0,900,900,390.393620268620280,309.985887231764710,2557859.000000000000000,11,463,11,463
,02458450,129,1915,19150000.000000000000000,0,900,900,460.380156657963430,346.671029564630710,881628.000000000000000,11,900,6,463
,02458600,130,4925,49250000.000000000000000,0,900,900,202.309035532994930,247.870449070517590,996372.000000000000000,11,80,6,80
,02461500,131,13656,136560000.000000000000000,0,900,900,364.526581722319860,301.279957995127230,4977975.000000000000000,11,463,6,463
,02462000,132,24767,247670000.000000000000000,0,900,900,64.200145354705853,141.919023108881130,1590045.000000000000000,11,80,900,11
,03049658,133,4492,44920000.000000000000000,0,900,900,148.954363312555640,170.101148241956930,669103.000000000000000,11,80,3,80
,03049676,134,2210,22100000.000000000000000,0,900,900,122.010859728506790,159.733306776736470,269644.000000000000000,8,80,9,80
,03049807,135,15395,153950000.000000000000000,0,900,900,140.212146800909380,169.021129824897090,2158566.000000000000000,11,80,9,80
,03084000,136,1135,11350000.000000000000000,0,900,900,258.504845814977950,207.380196768544830,293403.000000000000000,10,463,3,187
,03084698,137,30305,303050000.000000000000000,0,900,900,144.665764725292860,198.459104985024400,4384096.000000000000000,11,80,6,80
,03084800,138,4003,40030000.000000000000000,0,900,900,297.545091181613770,233.493313196074150,1191073.000000000000000,10,463,6,187
,03085049,139,1587,15870000.000000000000000,0,900,900,391.645872715815980,231.828423100075500,621542.000000000000000,5,463,80,463
,03085213,140,4667,46670000.000000000000000,0,900,900,384.867152346260980,187.968269137024040,1796175.000000000000000,8,463,9,463
,03085956,141,6713,67130000.000000000000000,0,900,900,203.939371368985550,320.257430882525400,1369045.000000000000000,11,0,7,80
,03491544,142,1247,12470000.000000000000000,0,900,900,183.976744186046520,226.302312025069820,229419.000000000000000,9,80,6,80
,03535400,143,22498,224980000.000000000000000,0,900,900,146.407236198773230,163.312745506233650,3293870.000000000000000,11,80,7,80
,03538250,144,5045,50450000.000000000000000,0,900,900,191.877304261645210,277.030756862907310,968021.000000000000000,11,0,6,80
,06918493,145,3978,39780000.000000000000000,0,900,900,145.247109100050270,305.810670903337840,577793.000000000000000,11,3,463,7
,07019072,146,1007,10070000.000000000000000,0,900,900,157.324726911618680,321.789872062447220,158426.000000000000000,11,11,187,11
,07019150,147,1320,13200000.000000000000000,0,900,900,157.860606060606070,283.389875398576240,208376.000000000000000,11,80,9,17
,07019175,148,1322,13220000.000000000000000,0,900,900,132.673222390317700,261.082482477541700,175394.000000000000000,11,80,9,17
,07019185,149,3003,30030000.000000000000000,0,900,900,154.852147852147850,293.881508622276780,465021.000000000000000,11,17,9,17
,07019195,150,653,6530000.000000000000000,0,900,900,260.523736600306280,389.789653256383300,170122.000000000000000,11,900,463,11
,07019220,151,1115,11150000.000000000000000,0,900,900,226.202690582959630,349.541216533245230,252216.000000000000000,11,17,7,17
,07048480,152,223,2230000.000000000000000,0,900,900,434.466367713004500,326.587227978582690,96886.000000000000000,6,463,11,463
,07048490,153,343,3430000.000000000000000,0,900,900,380.629737609329420,268.160910619872540,130556.000000000000000,6,463,11,463
,07052000,154,5031,50310000.000000000000000,0,900,900,407.751341681574220,397.272956058767700,2051397.000000000000000,11,900,7,187
,07052100,155,4112,41120000.000000000000000,0,900,900,211.411235408560320,331.153547590746480,869323.000000000000000,11,80,9,80
,07052120,156,2733,27330000.000000000000000,0,900,900,340.858031467252090,385.751877674287750,931565.000000000000000,11,900,7,80
,07052152,157,1205,12050000.000000000000000,0,900,900,108.497095435684640,260.294134996459720,130739.000000000000000,11,3,6,3
,07195000,158,33596,335960000.000000000000000,0,900,900,109.638081914513630,187.519077922781150,3683401.000000000000000,11,80,0,80
,07263580,159,4987,49870000.000000000000000,0,900,900,292.303589332263870,251.730653895463940,1457718.000000000000000,11,463,7,187
,010965852,160,12334,123340000.000000000000000,0,900,900,145.820658342792290,174.091740960956540,1798552.000000000000000,10,80,7,80
,01097300,161,3090,30900000.000000000000000,0,900,900,111.121359223300970,194.937023678780690,343365.000000000000000,11,80,7,80
,01097380,162,9144,91440000.000000000000000,0,900,900,120.318022747156600,169.015517980525120,1100188.000000000000000,11,80,3,80
,01100600,163,9655,96550000.000000000000000,0,900,900,256.875712066286890,291.768587823369440,2480135.000000000000000,11,187,6,187
,01100627,164,9735,97350000.000000000000000,0,900,900,214.391268618387270,246.038102923455430,2087099.000000000000000,11,187,6,187
,01102500,165,5953,59530000.000000000000000,0,900,900,375.419284394422960,291.063044479961090,2234871.000000000000000,8,463,17,463
,01103025,166,2161,21610000.000000000000000,0,900,900,409.138824618232320,249.718320121420020,884149.000000000000000,7,463,17,463
,01103280,167,16950,169500000.000000000000000,0,900,900,160.298584070796470,219.391881687102400,2717061.000000000000000,11,80,7,80
,01103500,168,30423,304230000.000000000000000,0,900,900,115.822404102159550,165.862277073775350,3523665.000000000000000,11,80,3,80
,01104200,169,7515,75150000.000000000000000,0,900,900,260.877711244178330,273.636738431894740,1960496.000000000000000,11,463,7,187
,01105600,170,1269,12690000.000000000000000,0,900,900,275.223798266351480,282.478229097989010,349259.000000000000000,9,463,9,187
,01105638,171,3812,38120000.000000000000000,0,900,900,133.289349422875120,204.914512572049800,508099.000000000000000,10,0,3,80
,01105730,172,7942,79420000.000000000000000,0,900,900,160.591916393855460,188.757335499816350,1275421.000000000000000,11,80,7,80
,01105933,173,6829,68290000.000000000000000,0,900,900,142.583247913310880,235.677644784602050,973701.000000000000000,11,80,6,80
,01106500,174,10473,104730000.000000000000000,0,900,900,255.520194786594090,251.686172705337700,2676063.000000000000000,11,80,7,187
,01108320,175,5807,58070000.000000000000000,0,900,900,112.477871534355090,141.326871005271130,653159.000000000000000,10,80,9,80
,01108410,176,6667,66670000.000000000000000,0,900,900,109.118794060296990,169.670609657290270,727495.000000000000000,11,80,6,80
,01108500,177,5182,51820000.000000000000000,0,900,900,109.032033963720560,192.132269766822530,565004.000000000000000,11,0,6,80
,01109000,178,6110,61100000.000000000000000,0,900,900,137.717021276595740,201.021758163847350,841451.000000000000000,11,80,3,80
,01109060,179,10504,105040000.000000000000000,0,900,900,152.859767707539990,214.582417063153170,1605639.000000000000000,11,80,6,80
,01110000,180,6612,66120000.000000000000000,0,900,900,229.638989715668490,252.384626887931600,1518373.000000000000000,11,463,7,187
,01114000,181,6040,60400000.000000000000000,0,900,900,299.246688741721870,288.160810522221540,1807450.000000000000000,10,463,9,187
,01116905,182,4084,40840000.000000000000000,0,900,900,129.075171400587660,209.786240912493870,527143.000000000000000,9,80,6,80
,01117000,183,1890,18900000.000000000000000,0,900,900,222.106878306878310,257.708568032467610,419782.000000000000000,8,80,3,80
,01189000,184,11648,116480000.000000000000000,0,900,900,149.961280906593400,189.654502044505620,1746749.000000000000000,11,80,6,80
,01195490,185,4776,47760000.000000000000000,0,900,900,223.799623115577900,225.704930168506760,1068867.000000000000000,11,80,7,187
,01196500,186,23813,238130000.000000000000000,0,900,900,174.630285978247170,220.703796984440490,4158471.000000000000000,11,80,7,80
,01201487,187,15546,155460000.000000000000000,0,900,900,189.656696256271720,222.252551745151890,2948403.000000000000000,11,80,3,80
,01300000,188,2427,24270000.000000000000000,0,900,900,195.258343634116190,258.511047517755800,473892.000000000000000,11,80,9,80
,01300500,189,1170,11700000.000000000000000,0,900,900,234.174358974358970,208.240821368957710,273984.000000000000000,9,80,9,187
,01301000,190,5781,57810000.000000000000000,0,900,900,244.593322954506140,251.604990512987740,1413994.000000000000000,11,80,9,187
,01356190,191,4078,40780000.000000000000000,0,900,900,197.680725846002930,207.287878131046260,806142.000000000000000,8,80,11,80
,01376500,192,6246,62460000.000000000000000,0,900,900,268.627601665065640,275.870599274848420,1677848.000000000000000,11,463,11,187
,01377370,193,3542,35420000.000000000000000,0,900,900,296.970355731225310,203.304979539687880,1051869.000000000000000,9,463,6,187
,01391000,194,4243,42430000.000000000000000,0,900,900,220.690313457459350,181.034903704098640,936389.000000000000000,11,187,3,187
,01391500,195,10430,104300000.000000000000000,0,900,900,249.048897411313530,207.742934079256030,2597580.000000000000000,8,187,7,187
,03098500,196,17451,174510000.000000000000000,0,900,900,126.490057876339460,190.713498107156200,2207378.000000000000000,11,80,900,80
,03098700,197,3267,32670000.000000000000000,0,900,900,125.449035812672180,159.366839368149900,409842.000000000000000,11,80,0,80
,03115973,198,903,9030000.000000000000000,0,900,900,268.095238095238070,263.044328442831040,242090.000000000000000,10,187,3,187
,03118500,199,45392,453920000.000000000000000,0,900,900,170.132710609799090,244.067076451026510,7722664.000000000000000,11,80,7,80
,03130500,200,1215,12150000.000000000000000,0,900,900,246.964609053497950,281.029221681374170,300062.000000000000000,9,80,9,80
,04206043,201,6700,67000000.000000000000000,0,900,900,198.386119402985090,235.906145677731440,1329187.000000000000000,11,80,7,80
,04207200,202,22240,222400000.000000000000000,0,900,900,181.875359712230220,250.194025472361860,4044908.000000000000000,11,80,7,80
,04208460,203,4681,46810000.000000000000000,0,900,900,385.980132450331100,256.979531540774700,1806773.000000000000000,11,463,9,463
,04216200,204,3958,39580000.000000000000000,0,900,900,376.057099545224840,271.239983454564200,1488434.000000000000000,11,463,7,463
,04240100,205,2598,25980000.000000000000000,0,900,900,155.582755966127790,168.701173995826620,404204.000000000000000,11,80,7,80
,04240120,206,7583,75830000.000000000000000,0,900,900,334.184359752077000,342.639762567626800,2534120.000000000000000,11,463,6,187
,04282813,207,1778,17780000.000000000000000,0,900,900,246.043869516310450,279.965417053395640,437466.000000000000000,11,80,7,80
,04292770,208,339,3390000.000000000000000,0,900,900,156.994100294985260,239.547139042820870,53221.000000000000000,9,17,9,17
,01302500,209,3051,30510000.000000000000000,0,900,900,197.466404457554890,212.146308352614030,602470.000000000000000,11,80,7,80
,01303500,210,1908,19080000.000000000000000,0,900,900,137.888364779874220,154.612410548600220,263091.000000000000000,7,80,17,80
,01304000,211,5792,57920000.000000000000000,0,900,900,294.204074585635340,237.156798691747810,1704030.000000000000000,7,187,17,187
,01305000,212,19014,190140000.000000000000000,0,900,900,214.026138634690230,200.572193478917400,4069493.000000000000000,11,463,6,187
,01305500,213,2132,21320000.000000000000000,0,900,900,261.797842401500930,228.868621905462930,558153.000000000000000,11,80,3,187
,01306000,214,3627,36270000.000000000000000,0,900,900,300.778880617590290,244.622443148266060,1090925.000000000000000,8,187,11,187
,01306440,215,4136,41360000.000000000000000,0,900,900,316.448984526112210,218.833842863334070,1308833.000000000000000,8,463,11,463
,01306460,216,1391,13910000.000000000000000,0,900,900,311.923076923076910,283.232421228758370,433885.000000000000000,7,463,7,187
,01306500,217,1654,16540000.000000000000000,0,900,900,228.908706166868200,313.008310862608880,378615.000000000000000,6,0,17,0
,01307000,218,1403,14030000.000000000000000,0,900,900,395.910905203136110,273.521912354823540,555463.000000000000000,11,463,3,463
,01307500,219,1118,11180000.000000000000000,0,900,900,444.592128801431100,235.669316719916000,497054.000000000000000,6,463,17,463
,01308000,220,5830,58300000.000000000000000,0,900,900,301.694682675814760,263.426731047530840,1758880.000000000000000,11,463,3,187
,01308500,221,9401,94010000.000000000000000,0,900,900,274.215721731730640,221.090542607932320,2577902.000000000000000,8,463,11,187
,01309000,222,993,9930000.000000000000000,0,900,900,316.655589123867060,326.594957208463880,314439.000000000000000,11,463,6,463
,01309500,223,9426,94260000.000000000000000,0,900,900,353.575217483556120,290.779713960235090,3332800.000000000000000,10,463,6,463
,01309950,224,3785,37850000.000000000000000,0,900,900,452.425627476882430,187.387795270001080,1712431.000000000000000,7,463,11,463
,01310000,225,210,2100000.000000000000000,0,900,900,473.666666666666690,225.390187248550150,99470.000000000000000,5,463,80,463
,01310500,226,7790,77900000.000000000000000,0,900,900,327.138125802310640,283.494715256767390,2548406.000000000000000,11,463,7,187
,01311000,227,2634,26340000.000000000000000,0,900,900,406.022399392558840,242.071123604681650,1069463.000000000000000,10,463,7,463
,01311500,228,1812,18120000.000000000000000,0,900,900,441.217991169977950,152.267274188843860,799487.000000000000000,5,463,80,463
,01311810,229,3359,33590000.000000000000000,0,900,900,475.008931229532610,182.523878655009270,1595555.000000000000000,9,463,9,463
,01405500,230,24584,245840000.000000000000000,0,900,900,137.743247640741940,178.508242671650810,3386280.000000000000000,11,80,7,80
,01406050,231,4053,40530000.000000000000000,0,900,900,167.083888477670850,182.839568450719670,677191.000000000000000,11,80,7,80
,01407290,232,1695,16950000.000000000000000,0,900,900,113.883775811209450,166.201317495878070,193033.000000000000000,11,80,7,80
,01407760,233,1635,16350000.000000000000000,0,900,900,225.247706422018350,198.844968546217500,368280.000000000000000,11,80,7,187
,01408120,234,9158,91580000.000000000000000,0,900,900,158.566280847346580,180.439125875473960,1452150.000000000000000,11,80,3,80
,01467081,235,2326,23260000.000000000000000,0,900,900,388.318142734307800,290.976869372893870,903228.000000000000000,11,463,6,463
,01467150,236,4699,46990000.000000000000000,0,900,900,269.977016386465210,247.791935008980350,1268622.000000000000000,10,463,6,187
,01475000,237,1563,15630000.000000000000000,0,900,900,253.218170185540630,185.473285078756760,395780.000000000000000,6,463,17,187
,02233200,238,6861,68610000.000000000000000,0,900,900,241.204780644220960,213.671497876960500,1654906.000000000000000,11,463,7,187
,02233475,239,12039,120390000.000000000000000,0,900,900,266.218622809203400,215.980368960062630,3205006.000000000000000,10,463,7,187
,02234308,240,5918,59180000.000000000000000,0,900,900,328.545116593443710,261.918828461376960,1944330.000000000000000,9,463,3,463
,02234324,241,2608,26080000.000000000000000,0,900,900,344.964723926380370,205.202872415624770,899668.000000000000000,7,463,17,463
,02234344,242,6229,62290000.000000000000000,0,900,900,271.871889548884270,216.067751041826970,1693490.000000000000000,10,187,3,187
,02234384,243,4642,46420000.000000000000000,0,900,900,302.374838431710490,242.599999938342450,1403624.000000000000000,9,187,3,187
,02234400,244,4270,42700000.000000000000000,0,900,900,310.990632318501180,220.543385581966930,1327930.000000000000000,9,463,7,187
,02234990,245,10778,107780000.000000000000000,0,900,900,362.540731118945980,259.053915291645130,3907464.000000000000000,10,463,7,463
,02235000,246,33857,338570000.000000000000000,0,900,900,151.256638213663340,194.801195824137660,5121096.000000000000000,11,0,7,80
,02240954,247,9468,94680000.000000000000000,0,900,900,226.938741022391210,189.105623074151030,2148656.000000000000000,9,187,11,187
,02246459,248,5610,56100000.000000000000000,0,900,900,282.769518716577520,275.599604617901720,1586337.000000000000000,9,80,6,187
,02246828,249,6382,63820000.000000000000000,0,900,900,171.074271388279530,263.985632970464850,1091796.000000000000000,11,80,9,80
,02262900,250,21007,210070000.000000000000000,0,900,900,252.474365687627940,306.903145816980610,5303729.000000000000000,11,463,7,80
,02263800,251,27085,270850000.000000000000000,0,900,900,282.290234447110950,290.206725823187980,7645831.000000000000000,11,463,6,187
,02264000,252,6923,69230000.000000000000000,0,900,900,115.384226491405460,152.495000288644800,798805.000000000000000,11,80,9,80
,02264100,253,4216,42160000.000000000000000,0,900,900,147.283444022770400,296.170253153543970,620947.000000000000000,11,3,11,3
,02293055,254,19079,190790000.000000000000000,0,900,900,97.052466062162594,127.426084935713620,1851664.000000000000000,11,80,9,80
,02293190,255,1290,12900000.000000000000000,0,900,900,314.621705426356580,241.983482350396910,405862.000000000000000,5,463,0,187
,02299861,256,1403,14030000.000000000000000,0,900,900,360.550962223806150,255.361992172822280,505853.000000000000000,8,463,11,463
,02301738,257,761,7610000.000000000000000,0,900,900,206.938239159001310,263.526169815663930,157480.000000000000000,11,80,3,80
,02301750,258,3593,35930000.000000000000000,0,900,900,342.138046200946290,293.160461808346210,1229302.000000000000000,7,187,3,187
,02303205,259,5731,57310000.000000000000000,0,900,900,204.223521200488560,224.531756387548510,1170405.000000000000000,9,80,9,80
,02303300,260,9427,94270000.000000000000000,0,900,900,157.817227113609850,168.328426344313130,1487743.000000000000000,10,80,6,80
,02303350,261,4222,42220000.000000000000000,0,900,900,138.970630033159640,204.402368785831700,586734.000000000000000,9,80,3,80
,02306500,262,1362,13620000.000000000000000,0,900,900,359.624082232011740,251.933733581037810,489808.000000000000000,7,463,11,463
,02306647,263,2835,28350000.000000000000000,0,900,900,403.155555555555570,293.927611335626920,1142946.000000000000000,6,463,17,463
,02306950,264,4197,41970000.000000000000000,0,900,900,261.035739814152980,202.713326033566720,1095567.000000000000000,9,463,7,187
,02307000,265,6514,65140000.000000000000000,0,900,900,194.418022720294740,193.211883325462250,1266439.000000000000000,11,80,7,80
,02307668,266,767,7670000.000000000000000,0,900,900,483.346805736636270,279.574620419820350,370727.000000000000000,7,463,9,463
,02307671,267,442,4420000.000000000000000,0,900,900,419.411764705882380,254.549238091028120,185380.000000000000000,6,463,17,463
,02307697,268,955,9550000.000000000000000,0,900,900,348.770680628272260,231.724748205603530,333076.000000000000000,7,463,6,463
,02308935,269,675,6750000.000000000000000,0,900,900,498.334814814814820,218.581827484462140,336376.000000000000000,5,463,80,463
,02309415,270,116,1160000.000000000000000,0,900,900,545.379310344827560,220.616677050099380,63264.000000000000000,4,463,187,463
,02309421,271,686,6860000.000000000000000,0,900,900,464.609329446064120,224.118966027798710,318722.000000000000000,5,463,80,463
,02309848,272,2355,23550000.000000000000000,0,900,900,129.024203821656040,204.419276495967180,303852.000000000000000,11,80,3,80
,02310525,273,8484,84840000.000000000000000,0,900,900,247.798444130127310,197.195745070862610,2102322.000000000000000,11,187,6,187
,08068325,274,10547,105470000.000000000000000,0,900,900,121.523940457001980,167.151608591057370,1281713.000000000000000,11,80,11,80
,08069000,275,72679,726790000.000000000000000,0,900,900,101.776221466998720,179.004533133507070,7396994.000000000000000,11,3,11,17
,08072760,276,4910,49100000.000000000000000,0,900,900,141.099185336048890,200.691389826411040,692797.000000000000000,10,6,0,80
,08074020,277,10435,104350000.000000000000000,0,900,900,365.935793004312420,281.376785379301230,3818540.000000000000000,11,463,7,463
,08074150,278,2259,22590000.000000000000000,0,900,900,497.104913678618860,375.659668940233760,1122960.000000000000000,11,900,11,463
,08074500,279,11952,119520000.000000000000000,0,900,900,430.863621151271730,271.551322574033010,5149682.000000000000000,11,463,6,463
,08074760,280,4223,42230000.000000000000000,0,900,900,397.094245796826900,242.294712201930930,1676929.000000000000000,9,463,7,463
,08075000,281,22203,222030000.000000000000000,0,900,900,449.645678511912820,237.870587526228410,9983483.000000000000000,11,463,3,463
,08075400,282,5040,50400000.000000000000000,0,900,900,299.444444444444460,237.363415380718010,1509200.000000000000000,10,463,6,187
,08075500,283,11172,111720000.000000000000000,0,900,900,278.541979949874700,262.732698645010600,3111871.000000000000000,11,80,3,187
,08075605,284,1294,12940000.000000000000000,0,900,900,422.547913446676940,226.750052237300450,546777.000000000000000,6,463,17,463
,08075730,285,2389,23890000.000000000000000,0,900,900,398.996651318543340,236.516111638404540,953203.000000000000000,9,463,11,463
,08075763,286,2344,23440000.000000000000000,0,900,900,493.716296928327670,226.185677917103480,1157271.000000000000000,5,463,80,463
,08075770,287,2436,24360000.000000000000000,0,900,900,500.891625615763530,314.831060458426010,1220172.000000000000000,7,463,11,463
,08075900,288,8324,83240000.000000000000000,0,900,900,336.371696299855840,255.251573327504270,2799958.000000000000000,11,463,6,187
,08076000,289,7102,71020000.000000000000000,0,900,900,338.485497043086470,360.859630674750690,2403924.000000000000000,11,900,9,187
,08076500,290,7479,74790000.000000000000000,0,900,900,333.753710389089460,248.349469087212010,2496144.000000000000000,11,463,9,187
,08076997,291,8479,84790000.000000000000000,0,900,900,95.733695011204148,201.364307238561220,811726.000000000000000,11,3,9,11
,08077000,292,361,3610000.000000000000000,0,900,900,256.072022160664800,335.526485562078110,92442.000000000000000,11,80,9,80
,08116400,293,2475,24750000.000000000000000,0,900,900,204.539393939393930,224.744303561783450,506235.000000000000000,11,80,6,80
,02300042,294,16747,167470000.000000000000000,0,900,900,122.224816385024180,211.331540564579140,2046899.000000000000000,11,6,11,17
,01393450,295,4575,45750000.000000000000000,0,900,900,441.297704918032760,227.704298000863250,2018937.000000000000000,6,463,17,463
,01393500,296,388,3880000.000000000000000,3,900,897,467.164948453608250,102.480063981523390,181260.000000000000000,5,463,3,463
,01394500,297,6649,66490000.000000000000000,0,900,900,297.304707474808250,227.932662514165630,1976779.000000000000000,10,463,7,187
,01395000,298,4362,43620000.000000000000000,0,900,900,341.471572673085750,238.703243895565460,1489499.000000000000000,10,463,6,463
,01396000,299,5262,52620000.000000000000000,0,900,900,288.877423033067260,199.149799672479760,1520073.000000000000000,7,463,11,187
,01402600,300,160,1600000.000000000000000,80,463,383,383.193750000000020,135.922519145789410,61311.000000000000000,3,463,80,463
,01403400,301,1631,16310000.000000000000000,0,900,900,113.526670754138560,182.215873399084440,185162.000000000000000,6,0,900,80
,01403500,302,1513,15130000.000000000000000,0,900,900,357.055518836748210,223.120596581567410,540225.000000000000000,7,463,11,463
,01403900,303,9293,92930000.000000000000000,0,900,900,335.671150328204020,252.203434919754050,3119392.000000000000000,11,463,6,463
,01405000,304,8443,84430000.000000000000000,0,900,900,190.612815349994070,252.374074759059650,1609344.000000000000000,11,80,9,80
,01465798,305,5471,54710000.000000000000000,0,900,900,345.960153536830550,284.873571611801820,1892748.000000000000000,11,463,6,463
,01467042,306,9828,98280000.000000000000000,0,900,900,293.442205942205930,239.683888315352870,2883950.000000000000000,11,463,6,187
,01467048,307,3126,31260000.000000000000000,0,900,900,367.946896992962250,227.519064878540770,1150202.000000000000000,8,463,3,463
,01467086,308,4184,41840000.000000000000000,0,900,900,333.520554493307830,190.620452321589000,1395450.000000000000000,10,463,3,463
,01467087,309,3521,35210000.000000000000000,0,900,900,454.429707469468890,241.135182684911910,1600047.000000000000000,6,463,17,463
,01473120,310,13806,138060000.000000000000000,0,900,900,146.346950601187900,174.550893707760540,2020466.000000000000000,11,80,7,80
,01473169,311,5420,54200000.000000000000000,0,900,900,199.386346863468650,260.340086615950720,1080674.000000000000000,11,80,9,80
,01473900,312,10471,104710000.000000000000000,0,900,900,228.701461178492990,217.288289208650700,2394733.000000000000000,9,80,3,187
,01474000,313,6028,60280000.000000000000000,0,900,900,225.589747843397480,209.639011170111980,1359855.000000000000000,9,463,6,187
,01475510,314,9808,98080000.000000000000000,0,900,900,252.964416802610120,194.933505671831090,2481075.000000000000000,11,463,7,187
,01475530,315,1477,14770000.000000000000000,0,900,900,346.092078537576190,185.797622659339960,511178.000000000000000,10,463,6,463
,01475548,316,3604,36040000.000000000000000,0,900,900,378.465316315205310,211.787607641304480,1363989.000000000000000,9,463,6,463
,01475550,317,537,5370000.000000000000000,0,900,900,385.551210428305410,245.523083304238720,207041.000000000000000,5,463,187,463
,01477000,318,15732,157320000.000000000000000,0,900,900,151.567315026697170,183.457788301751350,2384457.000000000000000,11,80,7,80
,01477800,319,1897,18970000.000000000000000,0,900,900,291.381128096995270,200.339589720756920,552750.000000000000000,8,463,11,187
,01478000,320,5402,54020000.000000000000000,0,900,900,185.959829692706390,231.463629436174330,1004555.000000000000000,11,80,6,80
,01581500,321,2173,21730000.000000000000000,0,900,900,244.843994477680640,179.170168921224100,532046.000000000000000,6,187,17,187
,01581752,322,656,6560000.000000000000000,0,900,900,310.021341463414610,257.878651568496140,203374.000000000000000,6,187,17,187
,01583600,323,5380,53800000.000000000000000,0,900,900,212.500929368029740,279.305145848187920,1143255.000000000000000,11,80,6,80
,0158397967,324,579,5790000.000000000000000,0,900,900,297.993091537133010,232.702178598824640,172538.000000000000000,5,187,0,187
,01585090,325,699,6990000.000000000000000,0,900,900,374.856938483547940,208.601391017766250,262025.000000000000000,6,463,17,463
,01585095,326,343,3430000.000000000000000,0,900,900,370.177842565597640,153.585734042807330,126971.000000000000000,6,463,0,463
,01585100,327,948,9480000.000000000000000,0,900,900,318.305907172995770,277.763561854717070,301754.000000000000000,10,463,6,187
,01585104,328,602,6020000.000000000000000,0,900,900,124.274086378737540,155.994174095509240,74813.000000000000000,7,80,900,80
,01585200,329,608,6080000.000000000000000,0,900,900,378.370065789473700,197.639739601458960,230049.000000000000000,6,463,3,463
,01585230,330,918,9180000.000000000000000,0,900,900,424.038126361655770,131.889864867916540,389267.000000000000000,6,463,17,463
,01585300,331,1162,11620000.000000000000000,0,900,900,305.822719449225470,233.362584700751910,355366.000000000000000,6,463,17,463
,01585400,332,505,5050000.000000000000000,0,900,900,424.710891089108880,302.250744342576580,214479.000000000000000,6,463,17,463
,01589100,333,650,6500000.000000000000000,0,900,900,386.407692307692290,254.727000053416050,251165.000000000000000,9,463,9,463
,01589197,334,1069,10690000.000000000000000,0,900,900,305.173058933582810,183.244858561032090,326230.000000000000000,6,463,900,463
,01589290,335,874,8740000.000000000000000,0,900,900,374.212814645308920,150.607376021943450,327062.000000000000000,6,463,17,463
,01589300,336,6531,65310000.000000000000000,0,900,900,255.219721329046080,232.111502206207150,1666840.000000000000000,10,463,7,187
,01589305,337,922,9220000.000000000000000,0,900,900,432.300433839479410,247.339899311794880,398581.000000000000000,6,463,17,463
,01589312,338,203,2030000.000000000000000,0,900,900,380.965517241379300,192.037439373899670,77336.000000000000000,6,463,17,463
,01589317,339,125,1250000.000000000000000,0,900,900,415.680000000000010,393.930300433972720,51960.000000000000000,6,900,463,187
,01589330,340,1103,11030000.000000000000000,0,900,900,354.819582955575700,296.263156246054560,391366.000000000000000,7,463,11,187
,01589352,341,5114,51140000.000000000000000,0,900,900,360.601877199843560,245.301266338958920,1844118.000000000000000,10,463,11,463
,01589500,342,1256,12560000.000000000000000,0,900,900,213.719745222929930,292.569080184816980,268432.000000000000000,8,80,7,80
,01593500,343,9812,98120000.000000000000000,0,900,900,257.661944557684480,211.855512606057520,2528179.000000000000000,11,463,11,187
,01594400,344,3094,30940000.000000000000000,0,900,900,303.097931480284440,341.599747701680540,937785.000000000000000,11,80,7,187
,01594500,345,7902,79020000.000000000000000,0,900,900,207.326499620349270,226.401034006724530,1638294.000000000000000,11,80,6,80
,01594526,346,15478,154780000.000000000000000,0,900,900,172.859865615712640,232.081683481830850,2675525.000000000000000,11,80,9,80
,01644371,347,115,1150000.000000000000000,0,463,463,87.060869565217388,60.645554259300567,10012.000000000000000,5,80,17,80
,01644375,348,332,3320000.000000000000000,0,900,900,320.090361445783120,220.508539361165500,106270.000000000000000,6,463,17,463
,01644600,349,13910,139100000.000000000000000,0,900,900,193.059741193386060,220.801875883350760,2685461.000000000000000,11,80,3,80
,01645200,350,969,9690000.000000000000000,0,900,900,345.896800825593400,322.984952187575570,335174.000000000000000,10,463,3,187
,01645704,351,1428,14280000.000000000000000,0,900,900,305.896358543417360,263.550080099842430,436820.000000000000000,6,187,6,187
,01646000,352,13580,135800000.000000000000000,0,900,900,234.485346097201760,191.948025090317490,3184311.000000000000000,8,187,11,187
,01646305,353,540,5400000.000000000000000,0,900,900,363.207407407407400,197.001601659076410,196132.000000000000000,5,463,80,463
,01646550,354,1058,10580000.000000000000000,0,900,900,377.939508506616280,217.307401479458720,399860.000000000000000,5,463,900,463
,01647850,355,710,7100000.000000000000000,0,900,900,403.732394366197180,144.658233238080100,286650.000000000000000,5,463,900,463
,01649190,356,3399,33990000.000000000000000,0,900,900,234.855545748749620,205.950417824837050,798274.000000000000000,5,463,900,187
,01649500,357,15414,154140000.000000000000000,0,900,900,238.098352147398460,286.688899167388970,3670048.000000000000000,11,0,7,80
,01650800,358,1672,16720000.000000000000000,0,900,900,398.540071770334920,207.635710096244960,666359.000000000000000,6,463,17,463
,01651000,359,11110,111100000.000000000000000,0,900,900,265.450495049504920,209.342012391971140,2949155.000000000000000,6,463,17,187
,01651800,360,859,8590000.000000000000000,0,900,900,368.311990686845150,173.345041349032950,316380.000000000000000,5,463,900,463
,01652500,361,3469,34690000.000000000000000,0,900,900,431.540213317959060,166.749750480072270,1497013.000000000000000,6,463,17,463
,01653500,362,4485,44850000.000000000000000,0,900,900,318.657525083612030,250.357418510050110,1429179.000000000000000,8,463,3,187
,01654000,363,6039,60390000.000000000000000,0,900,900,371.242589832753770,227.210346917340530,2241934.000000000000000,8,463,11,463
,01656903,364,1086,10860000.000000000000000,0,900,900,318.365561694290990,176.188382439991670,345745.000000000000000,8,463,7,463
,01657000,365,37164,371640000.000000000000000,0,900,900,144.123748789150800,228.459336864961900,5356215.000000000000000,11,80,3,80
,01673500,366,1515,15150000.000000000000000,9,900,891,202.648184818481840,215.098484593134400,307012.000000000000000,7,80,9,80
,02038000,367,8800,88000000.000000000000000,0,900,900,214.913977272727270,182.935326339167400,1891243.000000000000000,11,187,6,187
,0208675010,368,1562,15620000.000000000000000,0,900,900,300.500640204865530,272.573083974086790,469382.000000000000000,8,187,11,187
,02086849,369,4157,41570000.000000000000000,0,900,900,293.887899927832560,268.258354140409440,1221692.000000000000000,10,463,6,187
,0208732885,370,1790,17900000.000000000000000,0,900,900,418.940782122905030,288.410990231889630,749904.000000000000000,9,463,11,463
,0208735012,371,314,3140000.000000000000000,0,900,900,357.761146496815290,360.402672383413290,112337.000000000000000,9,900,6,187
,02093877,372,1379,13790000.000000000000000,0,900,900,208.939086294416260,302.895776228207130,288127.000000000000000,11,80,7,80
,0209399200,373,4114,41140000.000000000000000,0,900,900,280.124453087019960,270.930097470037140,1152432.000000000000000,11,80,11,187
,02094659,374,1927,19270000.000000000000000,0,900,900,413.527763362740020,291.220241381815070,796868.000000000000000,9,463,6,463
,02094770,375,2133,21330000.000000000000000,0,900,900,407.365682137834030,268.966840272923950,868911.000000000000000,6,463,17,463
,02094775,376,979,9790000.000000000000000,0,900,900,361.303370786516840,268.761284579345500,353716.000000000000000,8,463,11,463
,02095000,377,3847,38470000.000000000000000,0,900,900,337.638679490512060,304.756578818004640,1298896.000000000000000,11,463,9,187
,02095181,378,2485,24850000.000000000000000,0,900,900,365.032193158953700,244.268400903388060,907105.000000000000000,7,463,3,463
,02095271,379,1285,12850000.000000000000000,0,900,900,467.477821011673140,291.032971266356010,600709.000000000000000,6,463,17,463
,02095500,380,5839,58390000.000000000000000,0,900,900,294.544271279328650,256.141831477848540,1719844.000000000000000,11,463,7,187
,0209722970,381,1211,12110000.000000000000000,0,900,900,278.990916597853020,280.998318933883520,337858.000000000000000,10,80,6,187
,02097280,382,3841,38410000.000000000000000,0,900,900,311.279354334808660,217.820570421923750,1195624.000000000000000,7,187,6,187
,0209741955,383,5487,54870000.000000000000000,0,900,900,178.226899945325300,267.040761784507650,977931.000000000000000,11,80,7,80
,02099000,384,3765,37650000.000000000000000,0,900,900,304.818592297476750,393.755620579556710,1147642.000000000000000,11,900,7,80
,02115860,385,47328,473280000.000000000000000,0,900,900,194.618006254225830,218.463765446809820,9210881.000000000000000,11,80,7,80
,0212414900,386,9286,92860000.000000000000000,0,900,900,240.457678225285380,231.847473122747740,2232890.000000000000000,11,80,9,187
,02142654,387,2625,26250000.000000000000000,0,900,900,196.418285714285700,206.313090526935550,515598.000000000000000,11,80,7,80
,0214265808,388,1877,18770000.000000000000000,0,900,900,180.646776771443800,202.692292873467180,339074.000000000000000,10,80,3,80
,0214266000,389,2294,22940000.000000000000000,0,900,900,119.835658238884050,115.262092911783270,274903.000000000000000,7,80,3,80
,02142900,390,4265,42650000.000000000000000,0,900,900,201.803048065650640,261.069912687686380,860690.000000000000000,11,80,3,80
,02142914,391,1422,14220000.000000000000000,0,900,900,193.653305203938120,218.603453350543110,275375.000000000000000,6,80,17,80
,0214291555,392,2648,26480000.000000000000000,0,900,900,142.646525679758300,135.487846786720720,377728.000000000000000,9,80,7,80
,0214295600,393,2721,27210000.000000000000000,0,900,900,257.454244762954770,239.980349980729840,700533.000000000000000,9,80,9,187
,021459367,394,4368,43680000.000000000000000,0,900,900,172.532738095238100,176.181152166645120,753623.000000000000000,10,80,9,80
,02146110,395,1514,15140000.000000000000000,0,900,900,272.863276089828280,272.323066427884500,413115.000000000000000,10,463,7,187
,02146211,396,1490,14900000.000000000000000,0,900,900,321.494630872483240,283.650229430078580,479027.000000000000000,7,187,3,187
,02146300,397,6320,63200000.000000000000000,0,900,900,402.451424050632910,302.571254576625900,2543493.000000000000000,11,463,3,463
,02146315,398,1359,13590000.000000000000000,0,900,900,413.158940397350990,329.923214101399540,561483.000000000000000,7,900,6,463
,02146381,399,7524,75240000.000000000000000,0,900,900,318.657097288676250,353.415356649448940,2397576.000000000000000,11,80,7,80
,02146409,400,3150,31500000.000000000000000,0,900,900,513.971428571428530,298.893481811477050,1619010.000000000000000,6,463,17,463
,0214642825,401,1331,13310000.000000000000000,0,900,900,374.226145755071400,161.519570634853410,498095.000000000000000,5,463,0,463
,0214645022,402,3523,35230000.000000000000000,0,900,900,381.269656542719250,179.859783771740890,1343213.000000000000000,5,463,0,463
,02146470,403,699,6990000.000000000000000,0,900,900,462.741058655221760,162.856458961530560,323456.000000000000000,5,463,80,463
,02146500,404,1916,19160000.000000000000000,0,900,900,375.827766179540730,195.458228753065330,720086.000000000000000,5,463,0,463
,02146507,405,501,5010000.000000000000000,0,900,900,356.746506986027950,196.393952157103540,178730.000000000000000,5,463,0,463
,02146530,406,1640,16400000.000000000000000,0,900,900,417.597560975609780,227.016842061149730,684860.000000000000000,6,463,17,463
,0214655255,407,1897,18970000.000000000000000,0,900,900,324.249868212967840,164.546000160847460,615102.000000000000000,6,463,11,463
,02146562,408,1525,15250000.000000000000000,0,900,900,375.580327868852460,165.117272601529810,572760.000000000000000,5,463,0,463
,02146600,409,6621,66210000.000000000000000,0,900,900,282.686754266727060,223.496977624874010,1871669.000000000000000,10,187,7,187
,02146700,410,1828,18280000.000000000000000,0,900,900,327.371444201312900,166.858629987173740,598435.000000000000000,5,463,0,187
,02146750,411,11981,119810000.000000000000000,0,900,900,287.789416576245740,182.296681085344520,3448005.000000000000000,11,187,3,187
,0214676115,412,698,6980000.000000000000000,0,900,900,220.680515759312330,222.666227642822550,154035.000000000000000,8,80,6,80
,0214678175,413,1829,18290000.000000000000000,0,900,900,300.949152542372870,315.822730131618640,550436.000000000000000,11,80,7,187
,02146800,414,12216,122160000.000000000000000,0,900,900,128.858218729535030,200.862599618685270,1574132.000000000000000,11,80,9,80
,0214685800,415,5441,54410000.000000000000000,0,900,900,127.161183605954790,133.746593889147870,691884.000000000000000,11,80,3,80
,021473428,416,7686,76860000.000000000000000,0,900,900,137.384465261514440,180.030072698624450,1055937.000000000000000,11,80,7,80
,02160326,417,21923,219230000.000000000000000,0,900,900,170.873329380103090,201.094246586981770,3746056.000000000000000,11,80,9,80
,02162093,418,1446,14460000.000000000000000,0,900,900,437.833333333333310,302.541627319200130,633107.000000000000000,9,463,6,463
,02164000,419,12519,125190000.000000000000000,0,900,900,263.672417924754370,243.338705970959040,3300915.000000000000000,11,80,7,187
,02164110,420,15847,158470000.000000000000000,0,900,900,213.325487473969840,258.675289414001900,3380569.000000000000000,11,80,7,80
,02197020,421,4559,45590000.000000000000000,0,900,900,97.791401623162969,268.222931207210420,445831.000000000000000,11,0,6,0
,02197338,422,81,810000.000000000000000,0,900,900,322.222222222222230,431.477507532168890,26100.000000000000000,2,0,900,0
,02197339,423,46,460000.000000000000000,0,900,900,58.695652173913047,222.218152661749830,2700.000000000000000,2,0,900,0
,02203603,424,606,6060000.000000000000000,0,900,900,478.509900990099030,288.725523845385280,289977.000000000000000,6,463,17,463
,02203655,425,5359,53590000.000000000000000,0,900,900,370.454375816383670,288.405196066075350,1985265.000000000000000,10,463,9,463
,02203700,426,2757,27570000.000000000000000,0,900,900,393.117881755531360,284.869997959685970,1083826.000000000000000,9,463,11,463
,02204070,427,39058,390580000.000000000000000,0,900,900,266.261175687439220,224.399056081321870,10399629.000000000000000,11,187,11,187
,02205000,428,334,3340000.000000000000000,187,463,276,336.568862275449080,137.514222630430850,112414.000000000000000,2,463,187,463
,02205522,429,1936,19360000.000000000000000,0,900,900,343.871900826446280,239.506360264462810,665736.000000000000000,6,187,17,187
,02206500,430,32889,328890000.000000000000000,0,900,900,325.297242239046510,233.349529642938360,10698701.000000000000000,11,187,9,187
,02207120,431,6930,69300000.000000000000000,0,900,900,272.820202020202030,168.455307046436670,1890644.000000000000000,8,187,6,187
,02207385,432,4462,44620000.000000000000000,0,900,900,203.014343343792040,158.393323363567080,905850.000000000000000,9,187,3,187
,02208050,433,2569,25690000.000000000000000,0,900,900,225.712339431685480,284.380231664367220,579855.000000000000000,10,80,7,80
,02208130,434,1391,13910000.000000000000000,0,900,900,299.790797987059650,253.733550563732310,417009.000000000000000,8,187,7,187
,02208150,435,3981,39810000.000000000000000,0,900,900,116.525747299673450,128.837827462299170,463889.000000000000000,11,80,9,80
,02211375,436,1140,11400000.000000000000000,0,900,900,196.079824561403510,224.733607867698280,223531.000000000000000,9,80,17,80
,02217274,437,438,4380000.000000000000000,80,187,107,92.947488584474883,34.896186294403364,40711.000000000000000,2,80,187,80
,02218565,438,1483,14830000.000000000000000,0,900,900,150.024275118004060,122.580550329212680,222486.000000000000000,11,80,0,80
,02334480,439,2445,24450000.000000000000000,0,900,900,162.353374233128850,158.934433220925030,396954.000000000000000,11,80,7,80
,02334578,440,1309,13090000.000000000000000,0,900,900,222.660045836516420,150.303511932723470,291462.000000000000000,7,187,11,187
,02334620,441,1784,17840000.000000000000000,0,900,900,135.433856502242150,151.657531417994650,241614.000000000000000,7,80,463,80
,02334885,442,12119,121190000.000000000000000,0,900,900,190.825563165277660,221.711459383794310,2312615.000000000000000,11,80,9,80
,02335350,443,2295,22950000.000000000000000,0,900,900,410.469716775599120,296.793670138236910,942028.000000000000000,10,463,6,463
,02335700,444,19072,190720000.000000000000000,0,900,900,164.811451342281880,195.324641834544080,3143284.000000000000000,11,80,7,80
,02335757,445,7703,77030000.000000000000000,0,900,900,291.750616642866420,250.034388374739390,2247355.000000000000000,11,187,7,187
,023358685,446,3308,33080000.000000000000000,0,900,900,306.860036275695280,147.720372335371310,1015093.000000000000000,5,187,0,187
,02335870,447,4665,46650000.000000000000000,0,900,900,358.035155412647380,224.366328953244420,1670234.000000000000000,6,187,17,463
,02335910,448,4810,48100000.000000000000000,0,900,900,452.366735966735970,310.005927472589240,2175884.000000000000000,11,463,7,463
,02336030,449,357,3570000.000000000000000,0,900,900,647.053221288515370,280.023518364015670,230998.000000000000000,5,900,80,900
,02336120,450,8742,87420000.000000000000000,0,900,900,406.796499656829100,247.071503726933400,3556215.000000000000000,11,463,6,463
,02336240,451,7137,71370000.000000000000000,0,900,900,382.181588902900390,224.821629564212060,2727630.000000000000000,8,463,9,463
,02336300,452,5891,58910000.000000000000000,0,900,900,458.118655576302840,256.618560113308600,2698777.000000000000000,9,463,9,463
,02336360,453,6798,67980000.000000000000000,0,900,900,372.795822300676660,258.625744576549950,2534266.000000000000000,9,463,9,463
,02336410,454,2839,28390000.000000000000000,0,900,900,219.369848538217700,179.236425572096070,622791.000000000000000,9,187,6,187
,02336526,455,3508,35080000.000000000000000,0,900,900,400.407354618015970,270.158009895671740,1404629.000000000000000,9,463,9,463
,02336635,456,8066,80660000.000000000000000,0,900,900,307.040292586164130,187.316662628562450,2476587.000000000000000,9,463,6,187
,02336728,457,8992,89920000.000000000000000,0,900,900,272.350978647686820,228.645286086496980,2448980.000000000000000,9,187,9,187
,02336968,458,11435,114350000.000000000000000,0,900,900,198.637691298644510,163.621993884747380,2271422.000000000000000,8,187,6,187
,02344350,459,33003,330030000.000000000000000,0,900,900,283.235766445474670,277.541412514301210,9347630.000000000000000,11,80,7,187
,02344478,460,3330,33300000.000000000000000,0,900,900,112.615315315315310,206.492503058816080,375009.000000000000000,11,17,7,17
,02346310,461,2504,25040000.000000000000000,0,900,900,173.820287539936090,228.420476728892910,435246.000000000000000,11,80,3,80
,02378170,462,1376,13760000.000000000000000,0,900,900,148.881540697674410,233.268468839238950,204861.000000000000000,11,17,7,80
,02392950,463,6552,65520000.000000000000000,0,900,900,304.543192918192910,304.762222857650390,1995367.000000000000000,11,187,9,187
,02392975,464,2396,23960000.000000000000000,0,900,900,298.472036727879810,169.767899996261240,715139.000000000000000,6,187,11,187
,02465292,465,2642,26420000.000000000000000,0,900,900,299.663512490537470,246.563673143329030,791711.000000000000000,10,463,6,187
,02485700,466,4506,45060000.000000000000000,0,900,900,145.509098979138910,241.325213939679170,655664.000000000000000,11,3,7,17
,03238140,467,1062,10620000.000000000000000,0,900,900,341.112994350282460,186.225367285449920,362262.000000000000000,7,463,7,463
,03260015,468,1639,16390000.000000000000000,0,900,900,255.030506406345320,212.591667017078720,417995.000000000000000,7,463,0,187
,03260050,469,3070,30700000.000000000000000,0,900,900,328.123778501628690,292.576541929375480,1007340.000000000000000,11,463,6,187
,03260100,470,976,9760000.000000000000000,0,900,900,311.966188524590170,382.319720566221010,304479.000000000000000,11,80,9,80
,03277075,471,9559,95590000.000000000000000,0,900,900,238.489904801757520,272.847146799953800,2279725.000000000000000,11,80,3,80
,03284520,472,408,4080000.000000000000000,3,900,897,211.833333333333340,206.726770197620650,86428.000000000000000,10,80,3,80
,03287580,473,558,5580000.000000000000000,3,900,897,60.637992831541219,95.018550108852324,33836.000000000000000,10,80,463,80
,03287600,474,5004,50040000.000000000000000,0,900,900,158.468824940047970,240.564271437768180,792978.000000000000000,11,80,0,80
,03288200,475,5217,52170000.000000000000000,0,900,900,201.972589610887500,262.937920112899920,1053691.000000000000000,11,80,7,80
,03288500,476,607,6070000.000000000000000,0,900,900,227.444810543657330,226.516743514711100,138059.000000000000000,8,80,11,80
,03289000,477,5590,55900000.000000000000000,0,900,900,176.772271914132380,219.877936987566300,988157.000000000000000,11,80,0,80
,03289193,478,2557,25570000.000000000000000,0,900,900,394.357841220179920,225.829061001538800,1008373.000000000000000,10,463,9,463
,03289200,479,5300,53000000.000000000000000,0,900,900,259.915283018867910,318.119668050234850,1377551.000000000000000,11,463,0,80
,03289300,480,12714,127140000.000000000000000,3,900,897,28.557495674060092,87.071786622838488,363080.000000000000000,10,3,463,9
,03292474,481,1721,17210000.000000000000000,0,900,900,213.996513654851840,211.012338132925750,368288.000000000000000,11,80,7,80
,03292475,482,1035,10350000.000000000000000,0,900,900,241.932367149758450,197.992683380407730,250400.000000000000000,8,80,0,187
,03292480,483,1490,14900000.000000000000000,0,900,900,280.534228187919440,241.515440270045330,417996.000000000000000,8,187,0,187
,03292500,484,4525,45250000.000000000000000,0,900,900,383.644198895027610,230.223697682568000,1735990.000000000000000,11,463,3,463
,03292550,485,1369,13690000.000000000000000,0,900,900,342.739956172388590,192.104042270160760,469211.000000000000000,7,463,11,463
,03293000,486,4883,48830000.000000000000000,0,900,900,340.316403850092170,243.964308228776990,1661765.000000000000000,11,463,6,463
,03293500,487,1684,16840000.000000000000000,0,900,900,281.653206650831350,218.100313428811690,474304.000000000000000,10,463,9,187
,03293510,488,3157,31570000.000000000000000,0,900,900,342.697180867912550,240.276609488155910,1081895.000000000000000,11,463,7,463
,03294550,489,7857,78570000.000000000000000,0,900,900,411.010945653557310,259.063355088450980,3229313.000000000000000,11,463,9,463
,03294570,490,3701,37010000.000000000000000,0,900,900,277.374493380167510,240.904077679428980,1026563.000000000000000,11,463,3,187
,03298135,491,1419,14190000.000000000000000,0,900,900,420.761099365750510,349.566894025521890,597060.000000000000000,11,900,9,463
,03298150,492,1594,15940000.000000000000000,0,900,900,161.771016311166870,185.125803170016070,257863.000000000000000,11,80,3,80
,03298250,493,2926,29260000.000000000000000,0,900,900,146.604237867395770,164.705163066479030,428964.000000000000000,11,80,0,80
,03301900,494,883,8830000.000000000000000,11,900,889,315.934314835787060,169.757712194975480,278970.000000000000000,6,463,17,463
,03302000,495,15802,158020000.000000000000000,0,900,900,306.208771041640320,303.556001732956300,4838711.000000000000000,11,80,9,187
,03302030,496,4773,47730000.000000000000000,0,900,900,135.921223549130530,183.586631322964930,648752.000000000000000,11,80,7,80
,03431060,497,24227,242270000.000000000000000,0,900,900,162.075618112023760,202.428692100770090,3926606.000000000000000,11,80,0,80
,03431300,498,3092,30920000.000000000000000,0,900,900,343.128719275549830,294.841918730465580,1060954.000000000000000,7,187,11,187
,03431700,499,6396,63960000.000000000000000,0,900,900,219.484208880550340,180.465598666990530,1403821.000000000000000,8,187,11,187
,05588720,500,2199,21990000.000000000000000,0,900,900,147.272851296043650,164.789764073618980,323853.000000000000000,11,80,0,80
,06935850,501,1444,14440000.000000000000000,0,900,900,147.544321329639900,305.055058564583310,213054.000000000000000,10,11,187,17
,06935890,502,4289,42890000.000000000000000,0,900,900,143.008626719515040,306.134085816450180,613364.000000000000000,11,3,463,11
,06935955,503,3035,30350000.000000000000000,0,900,900,346.436573311367400,389.790745425324080,1051435.000000000000000,10,900,9,80
,06935980,504,974,9740000.000000000000000,0,900,900,389.280287474332620,412.470005731136100,379159.000000000000000,10,900,9,80
,06935997,505,554,5540000.000000000000000,0,900,900,117.787003610108300,268.060761696033690,65254.000000000000000,11,17,7,17
,06936475,506,10595,105950000.000000000000000,0,900,900,306.083341198678620,381.132730086702510,3242953.000000000000000,11,900,9,80
,07001910,507,300,3000000.000000000000000,0,900,900,177.460000000000010,285.636730364519740,53238.000000000000000,8,11,0,80
,07001985,508,1068,10680000.000000000000000,0,900,900,232.738764044943820,335.221054736344570,248565.000000000000000,11,80,6,80
,07005000,509,6132,61320000.000000000000000,0,900,900,235.859262883235490,318.101022003367860,1446289.000000000000000,11,80,7,80
,07010030,510,514,5140000.000000000000000,0,900,900,157.542801556420240,299.090474574594790,80977.000000000000000,11,11,9,11
,07010035,511,373,3730000.000000000000000,0,900,900,173.495978552278810,324.197269092102370,64714.000000000000000,9,11,6,11
,07010055,512,3164,31640000.000000000000000,0,900,900,120.416245259165610,268.248187345638030,380997.000000000000000,11,11,9,11
,07010061,513,1649,16490000.000000000000000,0,900,900,101.063674954517890,201.244213992180080,166654.000000000000000,11,80,7,17
,07010070,514,491,4910000.000000000000000,0,900,900,136.338085539714850,218.458550402571090,66942.000000000000000,7,80,0,80
,07010075,515,288,2880000.000000000000000,0,900,900,107.076388888888890,217.751804427435960,30838.000000000000000,8,11,0,17
,07010082,516,1485,14850000.000000000000000,0,900,900,257.149494949494970,360.736955017410370,381867.000000000000000,11,80,7,80
,07010086,517,2340,23400000.000000000000000,0,900,900,247.879059829059830,355.046262047620870,580037.000000000000000,9,80,7,80
,07010090,518,948,9480000.000000000000000,0,900,900,238.621308016877630,343.242719366761090,226213.000000000000000,10,900,6,80
,07010094,519,154,1540000.000000000000000,0,900,900,179.545454545454530,342.128518627956000,27650.000000000000000,7,17,463,11
,07010097,520,9863,98630000.000000000000000,0,900,900,401.515765994119420,415.249426624911220,3960150.000000000000000,11,900,9,187
,07010180,521,4726,47260000.000000000000000,0,900,900,241.016504443504030,359.443401334240890,1139044.000000000000000,11,900,7,17
,07010208,522,685,6850000.000000000000000,0,900,900,290.163503649635060,398.809281912481590,198762.000000000000000,11,900,9,17
,07019120,523,2489,24890000.000000000000000,0,900,900,203.428686219365200,299.109366040710940,506334.000000000000000,11,80,9,80
,07019317,524,2067,20670000.000000000000000,0,900,900,258.076923076923090,394.240893777740720,533445.000000000000000,11,900,463,11
,07031692,525,7881,78810000.000000000000000,0,900,900,313.616673011039210,267.117828673556570,2471613.000000000000000,11,463,7,187
,07032200,526,17613,176130000.000000000000000,0,900,900,110.286095497643790,201.207884836241130,1942469.000000000000000,11,80,0,17
,08076180,527,7312,73120000.000000000000000,0,900,900,201.072893873085350,281.276966163498510,1470245.000000000000000,11,80,7,80
,0209553650,528,4599,45990000.000000000000000,0,900,900,112.193085453359430,177.679368341850760,515976.000000000000000,11,80,7,80
,10168000,529,11677,116770000.000000000000000,0,900,900,128.229682281407890,211.967672660210890,1497338.000000000000000,8,0,11,0
,11161300,530,950,9500000.000000000000000,0,900,900,200.502105263157890,193.072234902651670,190477.000000000000000,6,80,17,80
,11162800,531,462,4620000.000000000000000,0,900,900,174.534632034632040,192.432700024495380,80635.000000000000000,6,80,17,80
,12081000,532,6412,64120000.000000000000000,0,900,900,264.456799750467890,256.519200618497620,1695697.000000000000000,11,80,3,187
,12090400,533,1460,14600000.000000000000000,0,900,900,247.245205479452070,198.419574501876500,360978.000000000000000,5,187,0,187
,12090500,534,14961,149610000.000000000000000,0,900,900,205.000802085422090,223.040226978835250,3067017.000000000000000,11,187,6,187
,12091100,535,3480,34800000.000000000000000,0,900,900,459.008333333333330,275.674870320016400,1597349.000000000000000,10,463,7,463
,12091200,536,1223,12230000.000000000000000,0,900,900,436.445625511038430,234.187326976048840,533773.000000000000000,6,463,17,463
,12091290,537,503,5030000.000000000000000,0,900,900,361.075546719681880,175.482119921026280,181621.000000000000000,8,463,6,463
,12091300,538,31,310000.000000000000000,0,463,463,367.645161290322560,168.514486481151690,11397.000000000000000,3,463,0,463
,12091500,539,4202,42020000.000000000000000,0,900,900,407.678248453117590,256.648136217412680,1713064.000000000000000,8,463,9,463
,12102190,540,556,5560000.000000000000000,0,900,900,185.771582733812950,169.222162471691830,103289.000000000000000,5,187,0,187
,12113347,541,732,7320000.000000000000000,0,900,900,344.251366120218560,191.055587098419290,251992.000000000000000,5,463,900,463
,12113349,542,1367,13670000.000000000000000,0,900,900,498.864667154352620,267.035054869590510,681948.000000000000000,6,463,3,463
,12120000,543,3758,37580000.000000000000000,0,900,900,416.710484300159640,264.237626803133540,1565998.000000000000000,5,463,80,463
,12120500,544,1678,16780000.000000000000000,0,900,900,452.333134684147810,184.856828241168100,759015.000000000000000,5,463,80,463
,12124000,545,3398,33980000.000000000000000,0,900,900,155.847263095938790,141.139766561331980,529569.000000000000000,6,80,17,80
,12125200,546,37169,371690000.000000000000000,0,900,900,149.082299765933980,199.781161263890620,5541240.000000000000000,11,0,9,80
,12126000,547,6385,63850000.000000000000000,0,900,900,347.949256068911500,216.183546670536200,2221656.000000000000000,9,463,6,463
,12127100,548,5890,58900000.000000000000000,0,900,900,384.686417657045870,211.914955478413760,2265803.000000000000000,6,463,17,463
,12128000,549,3126,31260000.000000000000000,0,900,900,450.856046065259140,170.232094040941920,1409376.000000000000000,6,463,17,463
,12157000,550,4791,47910000.000000000000000,0,900,900,176.082446253391770,224.511162395144110,843611.000000000000000,9,80,11,80
,14142800,551,2896,28960000.000000000000000,0,900,900,217.019337016574580,221.145154104924590,628488.000000000000000,11,80,6,80
,14206900,552,625,6250000.000000000000000,80,900,820,405.292800000000000,122.517874076234320,253308.000000000000000,4,463,900,463
,14206950,553,7458,74580000.000000000000000,0,900,900,449.207026012335750,202.698047776118240,3350186.000000000000000,9,463,3,463
,14211315,554,1705,17050000.000000000000000,0,900,900,284.055718475073320,195.669824397910220,484315.000000000000000,7,463,11,187
,14211499,555,1223,12230000.000000000000000,0,900,900,101.302534750613250,130.493528447169410,123893.000000000000000,10,80,9,80
,14211500,556,5629,56290000.000000000000000,0,900,900,155.223663172854860,181.589632709083020,873754.000000000000000,11,80,6,80
,14211550,557,6856,68560000.000000000000000,0,900,900,408.150962660443380,194.616563729092060,2798283.000000000000000,11,463,3,463
,06710150,558,2911,29110000.000000000000000,0,900,900,192.430779800755740,223.165082400434700,560166.000000000000000,9,0,7,80
,07103990,559,5154,51540000.000000000000000,0,900,900,209.356228172293360,214.608945771549140,1079022.000000000000000,9,80,6,80
,07104500,560,2295,22950000.000000000000000,0,900,900,370.205664488017420,218.398202134501160,849622.000000000000000,5,463,80,463
,07105600,561,13465,134650000.000000000000000,0,900,900,157.142294838470120,227.394183674272850,2115921.000000000000000,11,80,9,80
,08053009,562,3543,35430000.000000000000000,0,900,900,261.450747953711530,331.262347995380140,926320.000000000000000,11,3,17,80
,08056500,563,1640,16400000.000000000000000,0,900,900,419.380487804878040,185.184217074297610,687784.000000000000000,5,463,0,463
,08057200,564,17290,172900000.000000000000000,0,900,900,447.426836321573150,249.148973479724390,7736010.000000000000000,11,463,6,463
,08057445,565,2336,23360000.000000000000000,0,900,900,384.999143835616450,252.137752153283910,899358.000000000000000,10,463,9,463
,08061540,566,31084,310840000.000000000000000,0,900,900,325.073639171277820,289.896266066223010,10104589.000000000000000,11,463,17,187
,08061700,567,8218,82180000.000000000000000,0,900,900,493.460939401314190,263.479428685923210,4055262.000000000000000,7,463,3,463
,08083420,568,3231,32310000.000000000000000,0,900,900,262.002476013618090,264.944762192740770,846530.000000000000000,11,463,0,187
,08155541,569,467,4670000.000000000000000,0,900,900,455.064239828693810,177.095989365263530,212515.000000000000000,5,463,0,463
,08156675,570,1450,14500000.000000000000000,0,900,900,492.221379310344840,247.697624252164470,713721.000000000000000,7,463,3,463
,08156800,571,1854,18540000.000000000000000,0,900,900,436.706580366774520,194.855076259730280,809654.000000000000000,7,463,11,463
,08156910,572,284,2840000.000000000000000,0,900,900,553.591549295774600,246.960156874576000,157220.000000000000000,6,463,17,463
,08157000,573,310,3100000.000000000000000,80,900,820,431.145161290322560,160.505556810066450,133655.000000000000000,4,463,900,463
,08157500,574,473,4730000.000000000000000,0,900,900,470.638477801268490,243.608969846451060,222612.000000000000000,8,463,6,463
,08158030,575,432,4320000.000000000000000,0,900,900,474.423611111111090,240.696960039268190,204951.000000000000000,5,463,80,463
,08158035,576,464,4640000.000000000000000,0,900,900,402.467672413793080,217.639023717214680,186745.000000000000000,5,463,0,463
,08158045,577,385,3850000.000000000000000,0,900,900,480.381818181818180,184.982616752467640,184947.000000000000000,5,463,80,463
,08158200,578,6862,68620000.000000000000000,0,900,900,368.837656659865960,274.805155835522730,2530964.000000000000000,11,463,11,463
,08158380,579,1352,13520000.000000000000000,0,900,900,519.815088757396440,212.000215913751730,702790.000000000000000,6,463,6,463
,08158600,580,5250,52500000.000000000000000,0,900,900,265.991047619047610,289.386380888362510,1396453.000000000000000,11,463,7,80
,08158970,581,7130,71300000.000000000000000,0,900,900,343.811079943899020,228.615206309765650,2451373.000000000000000,11,463,7,463
,08177700,582,5673,56730000.000000000000000,0,900,900,319.849109818438190,229.128465032396950,1814504.000000000000000,10,463,9,463
,08181480,583,54188,541880000.000000000000000,0,900,900,155.456817007455530,221.875599737577430,8423894.000000000000000,11,80,9,80
,08329840,584,1112,11120000.000000000000000,0,900,900,422.844424460431640,138.697084943379650,470203.000000000000000,5,463,80,463
,09483000,585,2000,20000000.000000000000000,0,900,900,382.225500000000010,264.191498064850690,764451.000000000000000,7,463,7,463
,10311300,586,7530,75300000.000000000000000,0,900,900,132.554847277556430,221.771206369338810,998138.000000000000000,11,0,17,9
,11023330,587,8134,81340000.000000000000000,0,900,900,199.718588640275390,239.193397777558740,1624511.000000000000000,11,80,11,80
,11023340,588,2848,28480000.000000000000000,0,900,900,318.292134831460660,266.349334574026610,906496.000000000000000,5,463,80,463
,11045300,589,1839,18390000.000000000000000,0,900,900,129.092441544317550,236.367991138555570,237401.000000000000000,5,0,80,0
,11047000,590,9222,92220000.000000000000000,0,900,900,136.687269572760780,247.759630560345330,1260530.000000000000000,9,0,11,0
,11047500,591,2305,23050000.000000000000000,0,900,900,268.393492407809110,242.048248271442390,618647.000000000000000,7,463,17,187
,11060400,592,3083,30830000.000000000000000,0,900,900,506.334090171910470,266.058461116105660,1561028.000000000000000,6,463,7,463
,11101500,593,29998,299980000.000000000000000,0,900,900,309.828488565904370,274.301217088627140,9294235.000000000000000,11,463,9,463
,11102000,594,1649,16490000.000000000000000,0,900,900,458.016979987871420,251.330409716226630,755270.000000000000000,5,463,80,463
,11102300,595,1040,10400000.000000000000000,0,900,900,295.461538461538450,290.490385220105790,307280.000000000000000,5,463,900,187
,11102500,596,1817,18170000.000000000000000,0,900,900,564.249312052834400,296.086369449380300,1025241.000000000000000,5,463,80,463
,11120000,597,4951,49510000.000000000000000,0,900,900,127.945667541910720,189.404933194343240,633459.000000000000000,11,0,900,80
,11153650,598,22127,221270000.000000000000000,0,900,900,125.761151534324580,204.051029292954150,2782717.000000000000000,11,80,7,80
,11162720,599,2857,28570000.000000000000000,0,900,900,346.726986349317490,276.064637270822740,990599.000000000000000,11,463,3,463
,11166000,600,1654,16540000.000000000000000,0,900,900,146.897823458282940,210.534035845020870,242969.000000000000000,9,80,11,80
,11181040,601,12159,121590000.000000000000000,0,900,900,127.913808701373470,201.172238151879100,1555304.000000000000000,11,3,900,7
,11183000,602,13303,133030000.000000000000000,0,900,900,181.697737352476880,203.580800713489770,2417125.000000000000000,11,187,7,187
,11183600,603,8499,84990000.000000000000000,0,900,900,243.315448876338390,218.294505272281070,2067938.000000000000000,10,463,9,187
,11335655,604,4508,45080000.000000000000000,0,900,900,173.096938775510210,196.531220292438800,780321.000000000000000,11,80,6,80
,11336580,605,10621,106210000.000000000000000,0,900,900,189.178890876565300,309.879950712263960,2009269.000000000000000,11,3,9,3
,11447360,606,8164,81640000.000000000000000,0,900,900,442.502327290543860,143.051245582782600,3612589.000000000000000,5,463,0,463
,11465660,607,1440,14400000.000000000000000,0,900,900,111.523611111111110,195.462530504964860,160594.000000000000000,10,0,6,11
,11465680,608,9332,93320000.000000000000000,0,900,900,171.874946420917270,239.133324750579020,1603937.000000000000000,11,80,6,80
,11465690,609,872,8720000.000000000000000,0,900,900,251.991972477064220,294.595938765954030,219737.000000000000000,7,80,11,80
,11465700,610,930,9300000.000000000000000,0,900,900,130.461290322580650,150.878285726314540,121329.000000000000000,7,80,11,80
,11465750,611,8395,83950000.000000000000000,0,900,900,138.139487790351410,175.771914738096140,1159681.000000000000000,10,80,6,80
,11466065,612,2699,26990000.000000000000000,0,900,900,170.932197110040760,185.204100777549540,461346.000000000000000,8,80,9,80
,11466320,613,17236,172360000.000000000000000,0,900,900,164.455384079832900,214.810369168687660,2834553.000000000000000,11,80,9,80
,11466800,614,24377,243770000.000000000000000,0,900,900,78.270295770603440,153.518211977448540,1907995.000000000000000,11,80,900,17
,11447293,615,20276,202760000.000000000000000,0,900,900,199.072351548628920,213.742762629886610,4036391.000000000000000,11,80,7,80